2.936116200000000176e-01
2.577421699999999927e-01
2.623180199999999851e-01
1.767231800000000075e-01
1.641606700000000085e-01
4.176437000000000066e-01
2.205785799999999963e-01
1.741487700000000083e-01
1.805611000000000022e-01
2.563030000000000030e-01
4.105031499999999833e-01
2.588699799999999995e-01
4.203647400000000145e-01
6.106551699999999971e-02
1.406413999999999997e-01
3.666734400000000171e-01
4.206158999999999870e-01
1.372345000000000093e-01
8.636897999999999798e-02
2.094128100000000048e-01
2.010527300000000128e-01
1.325840799999999930e-01
5.721565499999999860e-01
5.599733599999999756e-01
3.208255199999999752e-01
1.880639500000000075e-01
1.702647499999999925e-01
1.228570199999999973e-01
3.241912699999999758e-01
2.677297000000000149e-01
2.782289399999999802e-01
3.250803400000000232e-01
1.833581900000000042e-01
4.971723599999999799e-01
2.267511000000000110e-01
3.589278799999999769e-01
3.566422000000000203e-01
3.642094699999999796e-01
4.828912000000000204e-01
4.678611200000000192e-01
2.110822499999999990e-01
3.908772999999999831e-01
9.459010499999999377e-02
5.744514199999999765e-02
4.161383000000000165e-01
3.270147400000000260e-01
3.758110700000000248e-01
4.288231699999999758e-01
2.493270300000000050e-01
2.304938699999999896e-01
2.470758999999999872e-01
2.451178300000000088e-01
3.884392999999999874e-01
4.257484000000000268e-01
6.580116999999999772e-01
4.550846199999999953e-01
1.886395499999999892e-01
1.236173359999999943e-01
1.634451399999999888e-01
3.570732200000000245e-01
3.095119599999999749e-01
3.595413299999999923e-01
2.333836999999999995e-01
5.754013000000000044e-01
2.915058400000000161e-01
2.291802199999999901e-01
3.889256700000000011e-01
3.725645000000000207e-01
3.686054999999999748e-01
3.450031299999999912e-01
1.670130999999999977e-01
1.171635300000000018e-01
1.379105200000000087e-01
1.580960200000000038e-01
2.849863200000000152e-01
3.538375500000000007e-01
4.259118399999999860e-01
1.297047299999999903e-01
2.288236600000000120e-01
2.429919500000000121e-01
3.614158000000000093e-01
7.706507400000000008e-01
8.336987999999999621e-01
1.390356000000000092e-01
2.838509399999999960e-01
1.614130400000000076e-01
2.582223699999999789e-01
3.326290499999999817e-01
4.691457700000000175e-01
2.089801699999999929e-01
1.747453200000000095e-01
1.650075300000000134e-01
1.539617799999999925e-01
5.251546000000000269e-01
1.890450399999999975e-01
3.570732200000000245e-01
1.294283900000000043e-01
4.189919799999999861e-01
3.972916000000000225e-01
5.123408999999999880e-01
6.627929000000000181e-01
4.281395700000000248e-01
3.760378699999999963e-01
3.486446000000000267e-01
3.050760599999999823e-01
3.832117600000000124e-01
4.085559999999999747e-01
9.913347999999999605e-02
5.754013000000000044e-01
3.455621600000000071e-01
4.086774599999999924e-01
2.062070400000000081e-01
3.185848299999999855e-01
2.674038699999999880e-01
2.898628699999999947e-01
3.966286800000000112e-01
4.698849299999999785e-01
4.386304300000000156e-01
3.427703000000000277e-01
2.743540999999999896e-01
1.616751600000000122e-01
2.295137299999999991e-01
2.455369000000000024e-01
2.563030000000000030e-01
3.105166599999999999e-01
3.232098800000000050e-01
2.505500600000000189e-01
4.259161000000000197e-01
9.174788000000000388e-02
2.576056700000000088e-01
1.616330900000000070e-01
2.089801699999999929e-01
3.264887599999999890e-01
6.780197599999999714e-01
2.313130300000000028e-01
2.425280400000000003e-01
1.993330100000000049e-01
3.530003400000000235e-01
1.657395500000000133e-01
5.934123999999999510e-01
4.030689599999999762e-01
7.261416299999999824e-01
6.339536000000000060e-01
1.732266500000000098e-01
1.410864699999999916e-01
5.511532999999999571e-01
2.833304700000000009e-01
4.042917200000000211e-01
8.355048999999999948e-01
5.022350500000000162e-01
2.772622399999999931e-01
1.880639500000000075e-01
9.529108999999999496e-02
1.467990299999999970e-01
1.961792900000000062e-01
3.168668199999999935e-01
2.140134099999999873e-01
5.288996700000000439e-01
2.985519500000000104e-01
2.470758999999999872e-01
2.764532599999999785e-01
1.148903399999999936e-01
1.027415799999999990e+00
3.134971300000000127e-01
2.675999399999999806e-01
1.542860899999999869e-01
2.540100499999999872e-01
9.459010499999999377e-02
1.306437599999999977e-01
2.862818999999999781e-01
1.751863800000000027e-01
1.741487700000000083e-01
1.500582699999999936e-01
3.595413299999999923e-01
2.517577400000000076e-01
3.539153999999999911e-01
2.310392400000000068e-01
2.962241800000000036e-01
3.308854999999999991e-01
1.572569000000000050e-01
1.486701800000000129e-01
3.141187999999999758e-01
9.712131000000000514e-01
7.744712999999999736e-01
2.988078299999999965e-01
1.041993350000000040e-01
1.111697259999999965e-01
2.994255399999999900e-01
4.327426999999999802e-01
2.439771000000000023e-01
1.252244000000000135e-01
3.416746999999999979e-01
5.310167700000000268e-01
4.576380299999999735e-01
5.599733599999999756e-01
3.775129600000000085e-01
2.648328999999999822e-01
6.159346999999999461e-01
1.171635300000000018e-01
9.703280000000000238e-02
1.952945000000000098e-01
1.277262600000000081e-01
2.772878400000000076e-01
2.213995500000000005e-01
3.793383200000000066e-01
3.977235000000000076e-01
1.621089599999999964e-01
1.565053200000000033e-01
3.382854000000000139e-01
1.996017099999999878e-01
1.169122600000000040e-01
3.255785700000000116e-01
4.386304300000000156e-01
2.431748400000000032e-01
4.504310499999999995e-01
8.897437000000000262e-01
1.851164999999999894e-01
2.479520400000000124e-01
3.628410400000000036e-01
2.400518000000000096e-01
3.004595600000000144e-01
2.192113099999999926e-01
2.322174899999999986e-01
1.228570199999999973e-01
2.838106499999999977e-01
4.232753499999999947e-01
3.624141499999999905e-01
5.136800000000000255e-01
1.341017200000000076e-01
2.586730700000000049e-01
1.411983800000000122e-01
1.941517600000000066e-01
4.223691199999999868e-01
2.666285600000000144e-01
1.508661799999999886e-01
2.020952000000000026e-01
1.588145800000000107e-01
4.770262000000000113e-01
2.923008799999999852e-01
2.262709699999999879e-01
2.193965599999999905e-01
2.576056700000000088e-01
2.562455200000000044e-01
3.269000000000000239e-01
3.476775599999999966e-01
3.104799999999999782e-01
1.891641900000000098e-01
3.813168399999999902e-01
5.413145400000000107e-01
7.093164299999999978e-01
6.498410000000000020e-01
2.151198099999999946e-01
2.089187799999999984e-01
2.084685900000000092e-01
2.302196800000000099e-01
3.530003400000000235e-01
2.883942700000000081e-01
2.319321299999999864e-01
1.935783799999999943e-01
3.359393800000000097e-01
4.040810799999999814e-01
2.801067199999999757e-01
2.831680999999999782e-01
1.248501300000000036e-01
9.624844999999999928e-02
1.653023999999999882e-01
5.119175299999999540e-01
2.255757700000000088e-01
3.531985999999999737e-01
2.719024400000000230e-01
4.437092000000000258e-01
5.779779600000000128e-01
2.896787000000000112e-01
3.384888500000000078e-01
2.554086999999999885e-01
2.462534299999999954e-01
2.398480500000000071e-01
7.344330500000000317e-01
2.245139499999999899e-01
2.159660300000000033e-01
5.291232999999999631e-01
5.220687000000000522e-01
2.245139499999999899e-01
1.765399900000000077e-01
2.509688700000000106e-01
5.319437000000000193e-01
5.329793000000000447e-01
2.793039399999999728e-01
6.674890999999999464e-01
3.602317300000000277e-01
2.457008499999999984e-01
5.088721499999999676e-01
3.113493299999999797e-01
5.095047000000000326e-01
1.333767200000000042e-01
5.498405699999999729e-01
5.638123000000000440e-01
7.340257000000000032e-01
1.704706400000000066e-01
3.152139800000000047e-01
2.600767999999999969e-01
4.829813199999999918e-01
2.299918699999999872e-01
1.472090299999999907e-01
4.694705599999999812e-01
1.534441699999999908e-01
1.649424100000000115e-01
1.781090200000000068e-01
2.509247000000000005e-01
3.006017200000000167e-01
5.482390000000000319e-01
2.246565799999999946e-01
2.821695200000000070e-01
4.186966699999999930e-01
3.913762299999999916e-01
3.947083399999999909e-01
3.817099600000000148e-01
2.509886299999999903e-01
1.069975499999999968e-01
7.662934000000000134e-01
6.361713399999999741e-01
1.557948600000000072e-01
9.678576999999999320e-02
1.695778799999999864e-01
2.657663800000000243e-01
7.662934000000000134e-01
9.258842499999999642e-01
2.223055999999999921e-01
2.324381799999999942e-01
2.679379299999999908e-01
2.648328999999999822e-01
5.557115999999999723e-01
1.924404200000000009e-01
2.876930500000000057e-01
3.474608000000000141e-01
4.612023199999999989e-01
5.236106999999999845e-01
2.270118399999999925e-01
3.828446300000000191e-01
1.723102300000000087e-01
3.758110700000000248e-01
7.213635999999999937e-01
1.850267800000000018e-01
2.233009300000000086e-01
2.223055999999999921e-01
1.695778799999999864e-01
3.629311299999999907e-01
6.153189999999999493e-01
3.150489300000000048e-01
2.379686000000000023e-01
6.605342000000000158e-02
2.886172799999999761e-01
2.928030500000000091e-01
3.254319700000000148e-01
3.972074999999999911e-01
2.066970499999999933e-01
1.911190200000000006e-01
2.862818999999999781e-01
2.670709800000000134e-01
6.848486700000000482e-01
3.780546200000000079e-01
4.042917200000000211e-01
9.590792700000000393e-01
2.311696400000000096e-01
2.884547000000000083e-01
6.116887300000000138e-01
2.310246800000000100e-01
8.355048999999999948e-01
9.590792700000000393e-01
3.528409000000000129e-01
4.893679000000000223e-01
4.081821400000000266e-01
3.404584500000000236e-01
2.987664999999999904e-01
1.536524300000000065e-01
2.246565799999999946e-01
1.605365599999999948e-01
3.474608000000000141e-01
2.672072400000000125e-01
4.085559999999999747e-01
2.829442300000000188e-01
4.105284799999999734e-01
3.762452000000000019e-01
1.290039699999999956e-01
1.545414900000000036e-01
1.635093400000000030e-01
2.900170699999999879e-01
3.478865600000000113e-01
3.359393800000000097e-01
1.627219299999999869e-01
4.281395700000000248e-01
2.917047700000000021e-01
2.261788000000000132e-01
5.226435999999999860e-01
1.872831899999999883e-01
3.642094699999999796e-01
1.472988100000000022e-01
1.708507700000000129e-01
3.701962200000000203e-01
4.347812500000000080e-01
2.973261500000000113e-01
5.265220400000000245e-01
2.666285600000000144e-01
3.365072299999999905e-01
2.298436500000000104e-01
5.033486000000000349e-01
7.577247000000000288e-01
7.476057999999999870e-01
2.246915100000000109e-01
7.438860999999999946e-01
7.545368700000000262e-01
2.066970499999999933e-01
2.710849599999999859e-01
5.011039999999999939e-01
3.959152000000000227e-01
3.696930999999999967e-01
3.717409400000000197e-01
1.529844099999999874e-01
1.156247700000000017e-01
1.999104800000000015e-01
3.112566999999999973e-01
1.288679000000000074e-01
1.538007299999999966e-01
3.589278799999999769e-01
3.443151700000000037e-01
3.041676300000000222e-01
4.694701399999999802e-01
1.616330900000000070e-01
2.562455200000000044e-01
3.050760599999999823e-01
4.362845399999999985e-01
1.966191700000000098e-01
8.529056599999999821e-02
4.607077800000000112e-01
4.964473799999999937e-01
3.725645000000000207e-01
4.848208700000000149e-01
3.232098800000000050e-01
1.506906199999999973e-01
5.657443399999999567e-01
4.046680999999999750e-01
4.411768300000000198e-01
2.109905800000000109e-01
5.698583000000000398e-01
3.191269999999999940e-01
4.332634200000000102e-01
5.401395599999999630e-01
5.904947499999999572e-01
6.755389000000000532e-01
3.985847200000000035e-01
3.825480299999999834e-01
5.288996700000000439e-01
6.011912999999999840e-01
1.725964500000000124e-01
2.762870499999999785e-01
2.182283100000000087e-01
4.247175999999999729e-01
2.423925399999999897e-01
2.874381200000000192e-01
3.961302999999999908e-01
2.432392399999999955e-01
3.536347200000000135e-01
1.725964500000000124e-01
1.732266500000000098e-01
2.251644399999999935e-01
5.721084499999999906e-01
4.825105399999999878e-01
4.757668999999999926e-01
2.452430399999999955e-01
2.445532099999999931e-01
1.619993299999999969e-01
5.992958499999999633e-01
3.328798399999999824e-01
1.999104800000000015e-01
5.531798599999999677e-01
3.566422000000000203e-01
3.443151700000000037e-01
2.208994900000000039e-01
2.690490200000000276e-01
2.738338000000000161e-01
1.581804500000000002e-01
3.041676300000000222e-01
3.052306200000000080e-01
8.847199999999999509e-02
1.459099799999999947e-01
2.084685900000000092e-01
2.615467300000000050e-01
2.298436500000000104e-01
3.793436000000000030e-01
5.268171999999999855e-01
1.872641999999999918e-01
4.466778000000000137e-01
1.068963599999999958e-01
1.531969599999999931e-01
3.329767599999999828e-01
6.343235999999999875e-01
3.591578300000000112e-01
1.723783799999999977e-01
5.938957999999999737e-01
3.601814500000000141e-01
4.027993699999999899e-01
3.480556000000000205e-01
4.189919799999999861e-01
1.966503300000000121e-01
1.823806900000000120e-01
2.056541299999999906e-01
5.772389999999999466e-01
4.146629299999999851e-01
4.105284799999999734e-01
4.874916999999999723e-01
4.162058000000000146e-01
4.778522000000000047e-01
1.408069999999999877e-01
2.124116400000000127e-01
3.640329800000000060e-01
4.153983299999999823e-01
6.674890999999999464e-01
5.232258400000000531e-01
1.301408000000000009e-01
5.145066999999999835e-01
5.463072700000000115e-01
1.991467199999999993e-01
4.946456000000000186e-01
9.913347999999999605e-02
2.829442300000000188e-01
2.525264600000000081e-01
2.623232300000000183e-01
3.828446300000000191e-01
3.573561599999999783e-01
3.760378699999999963e-01
2.917047700000000021e-01
2.168506400000000112e-01
1.038804950000000032e-01
3.336980999999999975e-01
2.524936199999999742e-01
6.639085999999999599e-01
1.449234299999999920e-01
9.908713399999999338e-02
3.023001300000000002e-01
2.006152300000000055e-01
4.013725799999999788e-01
2.938704200000000211e-01
2.675700200000000195e-01
4.567496799999999912e-01
5.268171999999999855e-01
3.638065999999999800e-01
4.436390000000000056e-01
5.011039999999999939e-01
2.924114500000000172e-01
2.365692899999999876e-01
2.259913699999999970e-01
1.450336899999999929e-01
1.016674340000000010e-01
1.300002199999999997e-01
2.008277499999999993e-01
9.244293599999999778e-01
2.955340000000000189e-01
5.680319000000000340e-01
3.141187999999999758e-01
6.176485000000000447e-01
5.127283000000000257e-01
3.772567199999999898e-01
3.628410400000000036e-01
4.335024699999999731e-01
1.670335799999999871e-01
2.269143000000000132e-01
2.521774999999999989e-01
2.874749600000000016e-01
1.275760499999999964e-01
3.464077999999999879e-01
3.005574999999999775e-01
4.054219000000000017e-01
2.873152199999999823e-01
5.650406000000000040e-01
2.321628000000000025e-01
4.798445399999999861e-01
1.822108799999999917e-01
2.895690000000000208e-01
4.737275799999999815e-01
3.767997599999999836e-01
1.765005000000000046e-01
4.118429699999999749e-01
1.491640999999999939e-01
2.723124599999999784e-01
6.159346999999999461e-01
5.557115999999999723e-01
3.793383200000000066e-01
2.949932800000000244e-01
8.438358000000000247e-01
2.931772200000000161e-01
2.432392399999999955e-01
2.548985999999999752e-01
3.568694000000000033e-01
3.512655800000000217e-01
3.254319700000000148e-01
3.510312400000000221e-01
3.776501999999999915e-01
2.961564700000000050e-01
2.962241800000000036e-01
1.961283799999999911e-01
2.295538000000000023e-01
2.514802500000000163e-01
4.026578699999999733e-01
2.922039599999999848e-01
1.592024300000000059e-01
1.759862000000000093e-01
2.810172400000000015e-01
3.928508199999999895e-01
2.440880500000000008e-01
1.610907000000000033e-01
2.325068999999999886e-01
9.243880999999999626e-02
2.429340500000000125e-01
2.127295399999999947e-01
4.437092000000000258e-01
2.633753999999999817e-01
1.511189800000000139e-01
2.550012500000000126e-01
2.418756800000000096e-01
2.915789200000000192e-01
5.455162000000000067e-01
3.473951200000000017e-01
4.412178999999999962e-01
5.193031399999999964e-01
8.507595700000000205e-01
4.759874000000000049e-01
2.288676199999999938e-01
3.596724600000000271e-01
4.136568999999999940e-01
3.963380499999999973e-01
9.654590500000000131e-02
5.263751700000000172e-02
2.325068999999999886e-01
1.667634500000000075e-01
3.701962200000000203e-01
4.431716199999999883e-01
2.737112600000000118e-01
1.116309300000000032e-01
2.686095199999999905e-01
1.436979600000000135e-01
1.495040800000000114e-01
3.006017200000000167e-01
4.635616200000000076e-01
3.176758599999999766e-01
2.955936200000000014e-01
5.983200699999999955e-02
1.352281100000000125e-01
2.631581399999999848e-01
4.613063299999999867e-01
3.427573999999999899e-01
2.256367499999999970e-01
2.994255399999999900e-01
2.941088000000000036e-01
2.920538799999999879e-01
2.253549699999999878e-01
2.295538000000000023e-01
2.200160800000000028e-01
4.625631599999999732e-01
1.534221600000000019e-01
5.329793000000000447e-01
3.261931499999999873e-01
2.372831400000000035e-01
2.178548600000000113e-01
2.262709699999999879e-01
3.760289800000000127e-01
3.127375199999999911e-01
1.365887199999999968e-01
4.784129599999999843e-02
2.321282000000000068e-01
2.244009799999999999e-01
1.288679000000000074e-01
2.802554999999999907e-01
2.985519500000000104e-01
6.011912999999999840e-01
2.365692899999999876e-01
2.446060999999999930e-01
5.883450999999999542e-01
3.990233499999999989e-01
3.966286800000000112e-01
3.486622600000000016e-01
2.439771000000000023e-01
2.005211399999999866e-01
2.482115599999999977e-01
3.985847200000000035e-01
3.160802699999999965e-01
4.259161000000000197e-01
3.783104999999999940e-01
5.638123000000000440e-01
8.704837600000000508e-01
3.539153999999999911e-01
3.751987500000000253e-01
3.700093600000000094e-01
3.818664800000000081e-01
1.719775500000000068e-01
5.384006500000000361e-01
2.914022199999999896e-01
2.212313700000000105e-01
4.607077800000000112e-01
2.684755999999999809e-01
1.924404200000000009e-01
2.078048899999999921e-01
6.608307399999999721e-01
6.079303600000000030e-01
2.324623899999999910e-01
2.702968700000000224e-01
4.504310499999999995e-01
6.199145999999999823e-01
6.848486700000000482e-01
7.007028499999999882e-01
2.349602299999999921e-01
3.282534799999999864e-01
2.631581399999999848e-01
2.886739700000000020e-01
5.251546000000000269e-01
2.472442099999999920e-01
2.459643800000000102e-01
1.065299600000000069e-01
2.617162800000000233e-01
3.568694000000000033e-01
2.070586399999999883e-01
1.254201799999999922e-01
9.826155000000000306e-02
1.408069999999999877e-01
2.927604300000000159e-01
1.220460460000000052e-01
2.859623399999999815e-01
1.904071300000000078e-01
3.499740700000000260e-01
7.093164299999999978e-01
4.421206400000000092e-01
1.962075000000000069e-01
3.601173200000000185e-01
2.192113099999999926e-01
3.278708499999999915e-01
2.857273799999999753e-01
3.825829000000000035e-01
1.572569000000000050e-01
9.738869999999999472e-02
7.758334999999999537e-01
4.081910300000000102e-01
7.438860999999999946e-01
5.089519000000000126e-01
3.734267399999999792e-01
5.984176399999999729e-01
5.291232999999999631e-01
3.482614800000000121e-01
1.890450399999999975e-01
2.472442099999999920e-01
2.444825200000000087e-01
2.103831200000000068e-01
3.208255199999999752e-01
3.775129600000000085e-01
2.036815399999999943e-01
1.356907499999999989e-01
4.494521000000000210e-01
6.342774599999999596e-01
3.713741300000000245e-01
3.574556400000000189e-01
3.595236800000000121e-01
2.329595100000000085e-01
6.406852600000000064e-02
4.960027999999999659e-02
2.526516300000000159e-01
2.811282999999999976e-01
6.347635999999999834e-01
8.044970999999999650e-01
2.900170699999999879e-01
2.456395500000000121e-01
1.220460460000000052e-01
1.553729500000000097e-01
3.696930999999999967e-01
2.852835699999999863e-01
1.641606700000000085e-01
5.226435999999999860e-01
3.839326499999999864e-01
5.238557999999999826e-01
3.561236600000000085e-01
2.133440500000000073e-01
1.581675100000000111e-01
3.127370500000000164e-01
2.914470399999999906e-01
9.490142999999999496e-02
1.237610060000000067e-01
3.252821599999999869e-01
1.985102400000000045e-01
4.559893999999999892e-01
6.587972600000000511e-01
6.780197599999999714e-01
5.237798999999999650e-01
5.883450999999999542e-01
4.387204000000000104e-01
5.022350500000000162e-01
6.427184000000000230e-01
2.211340400000000039e-01
2.385181799999999963e-01
1.148903399999999936e-01
9.746913000000000382e-01
5.238557999999999826e-01
3.329417700000000258e-01
2.429919500000000121e-01
3.008946499999999857e-01
1.161547299999999977e-01
7.504140600000000494e-02
1.363780500000000007e-01
1.502378900000000128e-01
5.004933499999999480e-01
5.561078000000000410e-01
1.290039699999999956e-01
2.009570300000000087e-01
4.173621200000000031e-01
4.186966699999999930e-01
3.499091300000000127e-01
1.763371200000000139e-01
2.311485400000000134e-01
1.169122600000000040e-01
3.455642999999999909e-01
1.918249700000000113e-01
3.114888399999999891e-01
2.686095199999999905e-01
3.266842699999999988e-01
3.328227000000000269e-01
3.277950299999999872e-01
3.941050500000000123e-01
1.763371200000000139e-01
1.800681799999999944e-01
1.450336899999999929e-01
8.129693999999999809e-02
1.160076560000000007e-01
1.297388999999999903e-01
3.392192399999999775e-01
1.180331560000000002e-01
1.646761599999999881e-01
2.914022199999999896e-01
4.460379999999999900e-01
2.054345200000000093e-01
3.186727200000000204e-01
4.113844999999999863e-01
8.116820999999999620e-01
1.886395499999999892e-01
1.835297999999999929e-01
2.185808700000000104e-01
4.653390299999999868e-01
2.995633999999999797e-01
3.528409000000000129e-01
2.490828599999999893e-01
3.168668199999999935e-01
3.385079200000000177e-01
3.538375500000000007e-01
5.701152000000000442e-01
2.208994900000000039e-01
2.541377499999999956e-01
2.242589299999999952e-01
2.142728299999999975e-01
9.683110600000000012e-02
1.343604599999999871e-01
4.521117499999999789e-01
4.873190199999999916e-01
1.991467199999999993e-01
4.275887600000000122e-01
2.379686000000000023e-01
2.566985500000000253e-01
7.706507400000000008e-01
9.248243000000000436e-01
4.176437000000000066e-01
2.887099399999999982e-01
2.177313300000000007e-01
2.764855299999999794e-01
3.255785700000000116e-01
3.455642999999999909e-01
6.574775999999999954e-01
3.063119999999999732e-01
1.657395500000000133e-01
2.883942700000000081e-01
3.065830199999999839e-01
1.876589399999999963e-01
3.531985999999999737e-01
6.022925999999999558e-01
2.349602299999999921e-01
2.143982000000000110e-01
3.138049199999999872e-01
2.939388000000000001e-01
1.931292699999999918e-01
1.201221799999999951e-01
5.236106999999999845e-01
7.039476599999999751e-01
1.726676799999999901e-01
1.559247099999999941e-01
3.227627299999999977e-01
3.405648000000000009e-01
4.759261300000000028e-01
1.254201799999999922e-01
1.699445800000000117e-01
1.911190200000000006e-01
2.710849599999999859e-01
2.987664999999999904e-01
2.326449800000000012e-01
7.577247000000000288e-01
1.001629200000000025e-01
6.101045600000000180e-01
5.772389999999999466e-01
2.199419900000000039e-01
2.936116200000000176e-01
2.549508200000000224e-01
1.479527999999999954e-01
1.502775699999999992e-01
1.653023999999999882e-01
5.753487999999999936e-01
8.897437000000000262e-01
6.199145999999999823e-01
1.363780500000000007e-01
1.452772599999999914e-01
4.559893999999999892e-01
5.361721499999999585e-01
4.704992199999999958e-01
5.041531299999999494e-01
3.199817999999999829e-01
2.949897599999999898e-01
2.133440500000000073e-01
2.479144199999999965e-01
4.971723599999999799e-01
5.184590999999999505e-01
3.329767599999999828e-01
2.689137999999999806e-01
5.047383300000000128e-01
2.494520699999999980e-01
2.386547900000000055e-01
3.005574999999999775e-01
4.113255699999999737e-01
2.759036000000000266e-01
1.957566400000000095e-01
2.876930500000000057e-01
2.078048899999999921e-01
1.667078999999999922e-01
3.591349699999999978e-01
3.138049199999999872e-01
2.724391199999999791e-01
2.418756800000000096e-01
4.386757600000000257e-01
4.041876799999999936e-01
2.260462299999999869e-01
4.162058000000000146e-01
1.109240799999999944e-01
3.640329800000000060e-01
1.305719899999999989e-01
2.641075800000000084e-01
2.461157099999999875e-01
5.650406000000000040e-01
7.132920000000000371e-01
3.938820699999999730e-01
8.711428999999999701e-02
1.780374000000000123e-01
4.161383000000000165e-01
3.277450499999999822e-01
2.846687399999999757e-01
2.591582499999999789e-01
1.702647499999999925e-01
9.529108999999999496e-02
4.054219000000000017e-01
4.113255699999999737e-01
4.259276699999999805e-01
3.960535800000000162e-01
7.261416299999999824e-01
5.453042999999999640e-01
2.884793999999999969e-01
3.964359199999999972e-01
1.478520500000000126e-01
5.136800000000000255e-01
6.438932400000000333e-01
3.277950299999999872e-01
1.978585700000000114e-01
8.507595700000000205e-01
1.103745699999999941e+00
3.127375199999999911e-01
2.769464300000000212e-01
5.779779600000000128e-01
2.633753999999999817e-01
3.252821599999999869e-01
2.637330999999999981e-01
2.450419000000000069e-01
1.894398300000000035e-01
2.818454499999999974e-01
1.922649100000000111e-01
1.180331560000000002e-01
1.054104299999999994e-01
1.765005000000000046e-01
4.101117599999999919e-01
2.779348999999999847e-01
3.068095399999999917e-01
9.683110600000000012e-02
9.768972500000000503e-02
2.110822499999999990e-01
3.729389300000000018e-01
4.696251499999999912e-01
2.689281000000000033e-01
6.772173599999999904e-01
4.586105300000000162e-01
2.232070899999999969e-01
4.041145999999999905e-01
7.340257000000000032e-01
8.704837600000000508e-01
7.758334999999999537e-01
1.234264299999999981e+00
4.327426999999999802e-01
2.941088000000000036e-01
6.086446000000000217e-02
2.232070899999999969e-01
2.519318500000000127e-01
6.520445299999999555e-01
4.934813399999999906e-01
2.255757700000000088e-01
3.972916000000000225e-01
1.966503300000000121e-01
1.449234299999999920e-01
1.132195299999999988e-01
2.675930000000000253e-01
3.772019999999999817e-01
1.467990299999999970e-01
2.279135733842848899e-01
3.326290499999999817e-01
3.413461446762084961e-01
3.977235000000000076e-01
2.949932800000000244e-01
6.153189999999999493e-01
3.674894273281096857e-01
5.773230642080300068e-02
1.781090200000000068e-01
2.074595540761947077e-01
1.962075000000000069e-01
3.777342438697814941e-01
3.266842699999999988e-01
4.701673984527587891e-01
4.711796641349791925e-01
1.955643892288208008e-01
3.947083399999999909e-01
5.463041067123413086e-01
3.381412029266356867e-01
1.271933615207672119e-01
3.113493299999999797e-01
4.946138262748718262e-01
2.242589299999999952e-01
1.437776237726210993e-01
2.525264600000000081e-01
2.233236730098724088e-01
3.959152000000000227e-01
2.924114500000000172e-01
2.212859392166136863e-01
2.085586786270141046e-01
3.127370500000000164e-01
4.543117284774780273e-01
1.491640999999999939e-01
2.787715196609497070e-01
1.502378900000000128e-01
1.452772599999999914e-01
2.926275432109832764e-01
2.756434082984923761e-01
1.275760499999999964e-01
3.922989368438720148e-01
5.830469727516174316e-01
3.596727252006530762e-01
1.031125783920288086e+00
3.194095492362976074e-01
3.023627400398253839e-01
5.042248964309692383e-01
2.457008499999999984e-01
2.817004323005676270e-01
3.972074999999999911e-01
3.510312400000000221e-01
6.605342000000000158e-02
2.566985500000000253e-01
3.908772999999999831e-01
3.729389300000000018e-01
3.352486491203308105e-01
2.951911985874176025e-01
3.817099600000000148e-01
5.463041067123413086e-01
3.832117600000000124e-01
4.362845399999999985e-01
1.529844099999999874e-01
1.304983496665954035e-01
5.123734474182128906e-01
3.511168956756591797e-01
4.081910300000000102e-01
1.234264299999999981e+00
2.561906576156616211e-01
2.109549343585968018e-01
6.116887300000000138e-01
5.213447809219360352e-01
2.915789200000000192e-01
4.386757600000000257e-01
4.136568999999999940e-01
8.066239953041076660e-01
3.948932886123657227e-01
3.905171751976013184e-01
1.497860252857207974e-01
1.801851689815520963e-01
1.331738531589508057e-01
1.771543025970458984e-01
2.801067199999999757e-01
4.199298024177551270e-01
3.350628018379210871e-01
1.625116765499114990e-01
2.008277499999999993e-01
7.785114049911499023e-01
5.934123999999999510e-01
2.223047167062759122e-01
4.113844999999999863e-01
1.065987825393676758e+00
2.554086999999999885e-01
9.784190356731410632e-02
3.023627400398253839e-01
4.790799021720886230e-01
1.297047299999999903e-01
1.925337612628935935e-01
1.904071300000000078e-01
3.537883162498474121e-01
5.145066999999999835e-01
2.306106090545654019e-01
2.874381200000000192e-01
1.917439401149748923e-01
1.557948600000000072e-01
9.036652743816370181e-02
3.963380499999999973e-01
8.066239953041076660e-01
4.391670525074005127e-01
2.790638804435729980e-01
2.667520344257354736e-01
2.642665505409240723e-01
4.412178999999999962e-01
4.625784754753112793e-01
3.990233499999999989e-01
4.387204000000000104e-01
3.948932886123657227e-01
1.955090463161467951e-01
2.675930000000000253e-01
3.999849557876586914e-01
2.537652254104614258e-01
3.094665110111236017e-01
1.744247078895568015e-01
2.450419000000000069e-01
2.266617715358734131e-01
2.039317786693572998e-01
4.704992199999999958e-01
3.753384053707122803e-01
1.966191700000000098e-01
2.289171069860458096e-01
5.886954069137573242e-01
3.777265846729278009e-01
2.675700200000000195e-01
2.482964098453520896e-01
1.726676799999999901e-01
1.842102110385893943e-01
3.271866142749785822e-01
2.762870499999999785e-01
2.690612673759459894e-01
1.333767200000000042e-01
6.221011877059936523e-01
3.717409400000000197e-01
2.852835699999999863e-01
2.020952000000000026e-01
2.593693435192108154e-01
5.401395599999999630e-01
1.832758635282515924e-01
1.260266155004501065e-01
2.288676199999999938e-01
3.620136976242064875e-01
2.920538799999999879e-01
1.185663640499114990e-01
3.884392999999999874e-01
4.581956863403319757e-01
2.219617366790770929e-01
3.142297267913817804e-01
2.939388000000000001e-01
2.724391199999999791e-01
5.886954069137573242e-01
4.068497121334075928e-01
2.961605191230773926e-01
1.576735377311705988e-01
4.694701399999999802e-01
3.052306200000000080e-01
2.299918699999999872e-01
3.060908317565917969e-01
2.114363312721251886e-01
2.588699799999999995e-01
4.673922657966613770e-01
5.363780856132507324e-01
1.632596254348754883e-01
4.585509896278380793e-01
6.391634345054626465e-01
1.017397195100784024e-01
2.570989131927490234e-01
1.038804950000000032e-01
2.340381145477294922e-01
2.324623899999999910e-01
5.391643047332763672e-01
3.104799999999999782e-01
3.165465891361236017e-01
3.561236600000000085e-01
3.329417700000000258e-01
2.886172799999999761e-01
1.346984952688216886e-01
4.893679000000000223e-01
2.490828599999999893e-01
5.193031399999999964e-01
4.625784754753112793e-01
4.381282329559326172e-01
3.794755041599273127e-01
1.907093077898024958e-01
2.929483056068419855e-01
1.805611000000000022e-01
1.500582699999999936e-01
2.288236600000000120e-01
1.925337612628935935e-01
3.658860921859741211e-01
1.263640820980072021e-01
3.713741300000000245e-01
6.221338510513305664e-01
2.545710206031798761e-01
1.599844098091124933e-01
4.257484000000000268e-01
4.581956863403319757e-01
3.412137031555175781e-01
3.378952741622924805e-01
3.387901484966278076e-01
2.674038699999999880e-01
2.271009683609007956e-01
2.600767999999999969e-01
2.990791201591491144e-01
1.721219420433043878e-01
2.674001455307006836e-01
2.859623399999999815e-01
1.553729500000000097e-01
1.161547299999999977e-01
1.224037185311317028e-01
9.490142999999999496e-02
1.877637803554534912e-01
2.810172400000000015e-01
5.461275577545166016e-01
2.620797753334044855e-01
3.088515400886535089e-01
4.072006046772003174e-01
2.400518000000000096e-01
4.335024699999999731e-01
3.162832260131835938e-01
2.988526225090026855e-01
3.455674052238463800e-01
2.741443514823913019e-01
2.489334195852279108e-01
4.828912000000000204e-01
1.472988100000000022e-01
1.759143173694610041e-01
1.941517600000000066e-01
3.618166446685791016e-01
5.057370066642761230e-01
2.655231952667235773e-01
2.915058400000000161e-01
3.455621600000000071e-01
2.372831400000000035e-01
3.368305861949920099e-01
6.106551699999999971e-02
1.227135509252547940e-01
2.445532099999999931e-01
3.108002841472625732e-01
5.047383300000000128e-01
2.616847455501555841e-01
2.009570300000000087e-01
3.383873403072357178e-01
4.391670525074005127e-01
3.384509980678557794e-01
2.295137299999999991e-01
1.700347214937210083e-01
2.398480500000000071e-01
6.527201533317565918e-01
5.033486000000000349e-01
3.793436000000000030e-01
2.212313700000000105e-01
4.460379999999999900e-01
6.309854984283447266e-01
1.112692803144454956e-01
4.696251499999999912e-01
3.108287751674652100e-01
2.551463246345520020e-01
2.493885457515715998e-01
2.707538008689879816e-01
4.168887734413146973e-01
8.529056599999999821e-02
2.289171069860458096e-01
4.678611200000000192e-01
1.708507700000000129e-01
1.759143173694610041e-01
2.444825200000000087e-01
2.036312222480773926e-01
2.190392017364501953e-01
1.605335772037506104e-01
3.112566999999999973e-01
5.531798599999999677e-01
2.677297000000000149e-01
1.590828001499176025e-01
2.324381799999999942e-01
1.816049516201019010e-01
2.451178300000000088e-01
2.764532599999999785e-01
2.333836999999999995e-01
2.517577400000000076e-01
7.744712999999999736e-01
4.150751233100891113e-01
2.992710173130034845e-01
4.387777298688880223e-02
3.150489300000000048e-01
3.674894273281096857e-01
3.176758599999999766e-01
3.820194005966185968e-01
3.512655800000000217e-01
2.070586399999999883e-01
3.762452000000000019e-01
4.874916999999999723e-01
1.851164999999999894e-01
1.779063791036605002e-01
7.504140600000000494e-02
1.224037185311317028e-01
1.723102300000000087e-01
3.573561599999999783e-01
4.653390299999999868e-01
3.625602722167968750e-01
6.608307399999999721e-01
8.365229368209838867e-01
2.849681377410888117e-01
3.632954061031340998e-01
2.623232300000000183e-01
2.233236730098724088e-01
3.291512429714202881e-01
1.915551722049713135e-01
1.592024300000000059e-01
2.186332643032073975e-01
1.931292699999999918e-01
1.831815838813780906e-01
1.761994510889053067e-01
2.913626730442047119e-01
2.926275432109832764e-01
1.933592855930328092e-01
2.884793999999999969e-01
7.601926326751708984e-01
4.798141717910766046e-01
1.436979600000000135e-01
6.258328258991240067e-02
5.830469727516174316e-01
7.099391222000122070e-01
3.164915442466735840e-01
2.767177522182464044e-01
1.236173359999999943e-01
1.835297999999999929e-01
1.890327632427215021e-01
1.248501300000000036e-01
1.692658811807631891e-01
1.483388841152190885e-01
1.851176619529724121e-01
4.748194813728331964e-01
2.335462570190429132e-01
3.675691485404968262e-01
2.951551973819732111e-01
2.010527300000000128e-01
2.244677096605300903e-01
2.623180199999999851e-01
2.004293948411940973e-01
5.229845046997070312e-01
4.407747983932495117e-01
2.821985483169555109e-01
9.563101083040230488e-02
2.526516300000000159e-01
4.219576120376586914e-01
1.985102400000000045e-01
2.637330999999999981e-01
1.747453200000000095e-01
3.264887599999999890e-01
5.657443399999999567e-01
3.760421872138977051e-01
5.466374158859252930e-01
5.855005979537963867e-01
2.403041869401930930e-01
3.946644067764280145e-02
2.151198099999999946e-01
2.323457896709442139e-01
1.121232435107231001e-01
1.238264590501785001e-01
5.904947499999999572e-01
1.832758635282515924e-01
2.609544992446898859e-01
3.941050500000000123e-01
1.978585700000000114e-01
1.850267800000000018e-01
2.641306519508361816e-01
1.252244000000000135e-01
2.005211399999999866e-01
4.256163239479064941e-01
2.259913699999999970e-01
2.446060999999999930e-01
3.928508199999999895e-01
5.461275577545166016e-01
3.134971300000000127e-01
1.978805512189865112e-01
8.438358000000000247e-01
6.834634542465209961e-01
2.606574296951293945e-01
1.975842416286467951e-01
3.543164730072020929e-01
1.315176784992218018e-01
1.511189800000000139e-01
4.231571555137634277e-01
2.821985483169555109e-01
2.694951295852661133e-01
1.475441455841063898e-01
9.439139068126670140e-02
3.666734400000000171e-01
2.091355323791503906e-01
3.628052175045012873e-01
2.588475346565246027e-01
4.905013442039489746e-01
3.001691699028015137e-01
2.416522204875946045e-01
4.585509896278380793e-01
7.634277939796447754e-01
3.948447406291961115e-01
3.173146843910216730e-01
1.017397195100784024e-01
1.783305257558822077e-01
3.282534799999999864e-01
2.143982000000000110e-01
6.391634345054626465e-01
7.634277939796447754e-01
3.595236800000000121e-01
4.507360160350799005e-01
2.178548600000000113e-01
3.368305861949920099e-01
2.976289987564086914e-01
5.196101069450378418e-01
3.948447406291961115e-01
4.465253949165344238e-01
2.737112600000000118e-01
2.189110666513442993e-01
3.905171751976013184e-01
1.955090463161467951e-01
1.907093077898024958e-01
2.111329734325408936e-01
2.961605191230773926e-01
1.870873272418974997e-01
1.331738531589508057e-01
1.339680552482604980e-01
4.494521000000000210e-01
3.988696932792663019e-01
4.232753499999999947e-01
1.780365258455275934e-01
3.362112045288085938e-01
2.208203524351119995e-01
2.479520400000000124e-01
1.779063791036605002e-01
2.124116400000000127e-01
2.927604300000000159e-01
4.625631599999999732e-01
4.041344225406646729e-01
2.190392017364501953e-01
4.197772741317749023e-01
1.581675100000000111e-01
2.479144199999999965e-01
3.696165084838867188e-01
3.976314067840576172e-01
2.089187799999999984e-01
2.323457896709442139e-01
1.919540613889693936e-01
4.770262000000000113e-01
7.051573395729064941e-01
1.946435570716857910e-01
2.155106067657469870e-01
1.650075300000000134e-01
1.088614240288734020e-01
2.995633999999999797e-01
3.625602722167968750e-01
5.698583000000000398e-01
2.050995826721191129e-01
1.580960200000000038e-01
3.280996084213256836e-01
3.735320568084716797e-01
2.981764674186705988e-01
4.663145244121550959e-01
9.188292622566224255e-01
5.992958499999999633e-01
3.423660993576049805e-01
1.297388999999999903e-01
2.008079886436462125e-01
3.269000000000000239e-01
2.312811911106109064e-01
2.509247000000000005e-01
2.074595540761947077e-01
2.219617366790770929e-01
1.869654655456542969e-01
2.270118399999999925e-01
7.039476599999999751e-01
2.321282000000000068e-01
2.762061357498168945e-01
2.039317786693572998e-01
3.686054999999999748e-01
4.848208700000000149e-01
1.325840799999999930e-01
2.244677096605300903e-01
1.761994510889053067e-01
1.817565709352493009e-01
1.542860899999999869e-01
4.765321314334868830e-01
2.772878400000000076e-01
2.954115867614746094e-01
3.144932389259337824e-01
3.602317300000000277e-01
5.232258400000000531e-01
3.336980999999999975e-01
2.340381145477294922e-01
1.611875295639038086e-01
1.567254960536955954e-01
1.178347170352934958e-01
2.931772200000000161e-01
6.834634542465209961e-01
1.621089599999999964e-01
1.774100363254547119e-01
2.992776632308959961e-01
1.743843853473663053e-01
2.347044944763183039e-01
3.381412029266356867e-01
2.613394558429718018e-01
3.450031299999999912e-01
2.465707212686537864e-01
6.498410000000000020e-01
4.421206400000000092e-01
3.700093600000000094e-01
3.648680746555327814e-01
2.846687399999999757e-01
3.164479732513427734e-01
2.973261500000000113e-01
5.396565198898315430e-01
3.004595600000000144e-01
1.670335799999999871e-01
3.162832260131835938e-01
3.610548377037047785e-01
2.111528366804122925e-01
1.611875295639038086e-01
2.118216753005980890e-01
1.210306212306021950e-01
4.013725799999999788e-01
9.519246220588679919e-02
3.734267399999999792e-01
3.350553214550017755e-01
2.540100499999999872e-01
4.765321314334868830e-01
2.524936199999999742e-01
8.546011447906494141e-01
2.212859392166136863e-01
1.980218887329101007e-01
1.718157529830932062e-01
4.551841616630554199e-01
4.105031499999999833e-01
3.105166599999999999e-01
6.406852600000000064e-02
4.393667727708810283e-02
4.027993699999999899e-01
3.415712118148803156e-01
1.872641999999999918e-01
3.638065999999999800e-01
3.285234272480010986e-01
1.539617799999999925e-01
1.088614240288734020e-01
2.849863200000000152e-01
3.280996084213256836e-01
6.309854984283447266e-01
5.807709693908691406e-01
3.658860921859741211e-01
3.489548563957213800e-01
5.463072700000000115e-01
2.306106090545654019e-01
5.363780856132507324e-01
5.130776166915893555e-01
1.031125783920288086e+00
8.868708610534667969e-01
6.827346086502075195e-01
4.648447930812835138e-01
2.554755210876464844e-01
1.876716911792755127e-01
1.068963599999999958e-01
2.145230174064635953e-01
1.486701800000000129e-01
9.738869999999999472e-02
2.159660300000000033e-01
1.765399900000000077e-01
4.026578699999999733e-01
2.074142694473266046e-01
4.960027999999999659e-02
4.393667727708810283e-02
1.538007299999999966e-01
2.802554999999999907e-01
2.545710206031798761e-01
2.237240821123122891e-01
6.511241197586059570e-01
4.628895521163939875e-01
1.116309300000000032e-01
2.189110666513442993e-01
1.534441699999999908e-01
5.100358277559279702e-02
3.735320568084716797e-01
1.907990574836730957e-01
3.241912699999999758e-01
2.838106499999999977e-01
5.983200699999999955e-02
6.816717982292169742e-02
1.765111386775969904e-01
2.544375061988830011e-01
6.989575922489159321e-02
9.949301183223720202e-02
3.412137031555175781e-01
4.197163581848143976e-01
5.123734474182128906e-01
5.802552700042724609e-01
6.772173599999999904e-01
2.707386016845703125e-01
1.891641900000000098e-01
3.165465891361236017e-01
5.511532999999999571e-01
4.101527333259581964e-01
1.559247099999999941e-01
1.842102110385893943e-01
1.484981179237364890e-01
2.509886299999999903e-01
1.759772002696990967e-01
2.193965599999999905e-01
3.760289800000000127e-01
2.269143000000000132e-01
2.881339490413665771e-01
3.439715504646301270e-01
3.610548377037047785e-01
5.491098165512084961e-01
2.955340000000000189e-01
5.784025788307189941e-01
1.898725330829620084e-01
4.911717176437377930e-01
2.818454499999999974e-01
1.780584901571272971e-01
1.536524300000000065e-01
2.326449800000000012e-01
2.546243071556090753e-01
2.570386528968811035e-01
3.574556400000000189e-01
6.221338510513305664e-01
2.267511000000000110e-01
5.184590999999999505e-01
2.319321299999999864e-01
2.668585181236267090e-01
2.898628699999999947e-01
2.271009683609007956e-01
3.350628018379210871e-01
2.590725421905517023e-01
4.072006046772003174e-01
5.773230642080300068e-02
1.704706400000000066e-01
4.150182604789733887e-01
3.411017358303070068e-01
1.508249938488006037e-01
8.847199999999999509e-02
1.311163604259490967e-01
4.367248415946959894e-01
2.175129950046539029e-01
1.352281100000000125e-01
6.816717982292169742e-02
4.829813199999999918e-01
2.990791201591491144e-01
5.744514199999999765e-02
1.306437599999999977e-01
7.476057999999999870e-01
1.001629200000000025e-01
6.629187464714050293e-01
3.164915442466735840e-01
1.811377257108688077e-01
1.516750454902648926e-01
1.138500645756720941e-01
4.521117499999999789e-01
1.867091804742813110e-01
4.086774599999999924e-01
5.099277496337890625e-01
4.216842055320739746e-01
2.509688700000000106e-01
5.090668797492980957e-01
2.253549699999999878e-01
1.185663640499114990e-01
2.849681377410888117e-01
2.876327037811278742e-01
4.173621200000000031e-01
3.383873403072357178e-01
2.462534299999999954e-01
9.784190356731410632e-02
3.291512429714202881e-01
2.648519873619079035e-01
2.922039599999999848e-01
2.074142694473266046e-01
2.641075800000000084e-01
2.458786368370055875e-01
9.678576999999999320e-02
9.036652743816370181e-02
1.567254960536955954e-01
2.118216753005980890e-01
1.843288689851760864e-01
2.291802199999999901e-01
2.648672461509704035e-01
3.480556000000000205e-01
3.415712118148803156e-01
2.311696400000000096e-01
2.646662592887877863e-01
1.599844098091124933e-01
2.237240821123122891e-01
5.455162000000000067e-01
4.513716697692871094e-01
2.417695820331572931e-01
1.707076132297515869e-01
1.329685747623443048e-01
1.021595895290374062e-01
6.342774599999999596e-01
3.988696932792663019e-01
3.536347200000000135e-01
2.548985999999999752e-01
4.757668999999999926e-01
3.947691321372985840e-01
2.561906576156616211e-01
2.495356798171997070e-01
2.689281000000000033e-01
3.108287751674652100e-01
6.361713399999999741e-01
9.258842499999999642e-01
4.058333337306975763e-01
3.393611311912536066e-01
1.390356000000000092e-01
1.323677301406860074e-01
1.410864699999999916e-01
2.251644399999999935e-01
5.721565499999999860e-01
2.403041869401930930e-01
3.247404098510742188e-01
4.567496799999999912e-01
2.482964098453520896e-01
4.612023199999999989e-01
2.672072400000000125e-01
6.755389000000000532e-01
1.260266155004501065e-01
2.609544992446898859e-01
4.995437860488891046e-01
2.585001587867736816e-01
1.041993350000000040e-01
1.558740437030791959e-01
3.601173200000000185e-01
3.777342438697814941e-01
4.698849299999999785e-01
3.486622600000000016e-01
1.475441455841063898e-01
1.987535506486891868e-01
4.288231699999999758e-01
7.213635999999999937e-01
3.142297267913817804e-01
1.869654655456542969e-01
2.833304700000000009e-01
4.101527333259581964e-01
2.690490200000000276e-01
2.541377499999999956e-01
2.988526225090026855e-01
1.454110592603682917e-01
2.514802500000000163e-01
2.200160800000000028e-01
1.121232435107231001e-01
2.420151978731149844e-02
1.614130400000000076e-01
1.187776476144789956e-01
3.632954061031340998e-01
2.876327037811278742e-01
5.098753571510314941e-01
3.036357164382934015e-01
6.343235999999999875e-01
2.689137999999999806e-01
1.548275947570799949e-01
2.325291782617568970e-01
3.459708094596862793e-01
1.751863800000000027e-01
2.670709800000000134e-01
6.574775999999999954e-01
5.387004017829895020e-01
1.576735377311705988e-01
1.870873272418974997e-01
3.614158000000000093e-01
3.008946499999999857e-01
1.765111386775969904e-01
2.271553874015808105e-01
7.974423766136169434e-01
6.147758364677429199e-01
2.036815399999999943e-01
2.786232829093933105e-01
4.691457700000000175e-01
3.413461446762084961e-01
2.024252116680144986e-01
5.616508722305297852e-01
2.896787000000000112e-01
2.266754060983657004e-01
3.023001300000000002e-01
2.119923830032348078e-01
2.211340400000000039e-01
3.568865954875946045e-01
4.748194813728331964e-01
4.667900800704956055e-01
1.625116765499114990e-01
2.590725421905517023e-01
2.955936200000000014e-01
3.820194005966185968e-01
1.634451399999999888e-01
2.185808700000000104e-01
1.890327632427215021e-01
2.302196800000000099e-01
2.615467300000000050e-01
5.127283000000000257e-01
4.710446596145629883e-01
1.329685747623443048e-01
1.501856148242949884e-01
6.520445299999999555e-01
2.376172989606857022e-01
1.379105200000000087e-01
9.703280000000000238e-02
2.310246800000000100e-01
5.213447809219360352e-01
4.030689599999999762e-01
2.223047167062759122e-01
5.057370066642761230e-01
5.826140642166137695e-01
1.619993299999999969e-01
3.108002841472625732e-01
4.934813399999999906e-01
2.376172989606857022e-01
1.919540613889693936e-01
2.738338000000000161e-01
3.103245794773101807e-01
2.588475346565246027e-01
4.320192337036132812e-01
2.914470399999999906e-01
4.543117284774780273e-01
2.537652254104614258e-01
3.412148058414459229e-01
2.276811152696608942e-01
3.065830199999999839e-01
2.812322080135344904e-01
3.173146843910216730e-01
4.465253949165344238e-01
3.591578300000000112e-01
3.241346478462219238e-01
2.335462570190429132e-01
4.667900800704956055e-01
6.827346086502075195e-01
3.354521095752716064e-01
3.624141499999999905e-01
1.780365258455275934e-01
1.652123034000395896e-01
1.674355417490004938e-01
3.776501999999999915e-01
4.906302094459533136e-01
1.027415799999999990e+00
9.746913000000000382e-01
1.946435570716857910e-01
3.026928305625914972e-01
2.321628000000000025e-01
7.132920000000000371e-01
5.048202276229858398e-01
4.711796641349791925e-01
4.643052816390991211e-01
3.191269999999999940e-01
2.050995826721191129e-01
6.580116999999999772e-01
3.724641799926757812e-01
2.992776632308959961e-01
2.220127284526824951e-01
4.081821400000000266e-01
1.850607693195343018e-01
1.479527999999999954e-01
9.500080347061150288e-02
8.711428999999999701e-02
2.217322587966918945e-01
2.062070400000000081e-01
5.099277496337890625e-01
2.274834066629408957e-01
6.086446000000000217e-02
5.721084499999999906e-01
2.459143400192259910e-01
4.223691199999999868e-01
3.618166446685791016e-01
4.381282329559326172e-01
2.734269201755523127e-01
3.780735135078430176e-01
2.506306171417235773e-01
1.454077810049057007e-01
5.095047000000000326e-01
4.946138262748718262e-01
1.178347170352934958e-01
1.210306212306021950e-01
1.843288689851760864e-01
2.606574296951293945e-01
2.211643159389495017e-01
1.065299600000000069e-01
1.703217476606369019e-01
6.347635999999999834e-01
6.369531750679016113e-01
3.194095492362976074e-01
8.868708610534667969e-01
4.905013442039489746e-01
4.320192337036132812e-01
3.596727252006530762e-01
7.099391222000122070e-01
3.696165084838867188e-01
9.498239308595650410e-02
6.079303600000000030e-01
8.365229368209838867e-01
3.212381303310393732e-01
2.325291782617568970e-01
3.916429877281188965e-01
1.935783799999999943e-01
2.668585181236267090e-01
2.772622399999999931e-01
6.427184000000000230e-01
2.182283100000000087e-01
2.690612673759459894e-01
1.743843853473663053e-01
2.220127284526824951e-01
3.794755041599273127e-01
2.734269201755523127e-01
2.767177522182464044e-01
1.811377257108688077e-01
1.483388841152190885e-01
5.907854437828059802e-02
7.974423766136169434e-01
6.724141836166381836e-01
2.782289399999999802e-01
1.590828001499176025e-01
2.177313300000000007e-01
4.438566863536834162e-01
5.265220400000000245e-01
5.396565198898315430e-01
4.919273257255554199e-01
4.215200543403624933e-01
1.016674340000000010e-01
8.129693999999999809e-02
3.836352005600920240e-02
2.429340500000000125e-01
3.145367503166198730e-01
1.667078999999999922e-01
2.226724326610564908e-01
4.203647400000000145e-01
4.673922657966613770e-01
4.058333337306975763e-01
1.516188681125640869e-01
2.024252116680144986e-01
4.293069541454315186e-01
3.378952741622924805e-01
4.197163581848143976e-01
3.455674052238463800e-01
1.454110592603682917e-01
2.385181799999999963e-01
3.568865954875946045e-01
4.046680999999999750e-01
3.760421872138977051e-01
2.425280400000000003e-01
1.063558906316757063e-01
2.679379299999999908e-01
1.816049516201019010e-01
2.779348999999999847e-01
2.599802613258361816e-01
1.502775699999999992e-01
9.500080347061150288e-02
3.780735135078430176e-01
3.300124704837799072e-01
3.397315442562103271e-01
1.301408000000000009e-01
3.459708094596862793e-01
3.916429877281188965e-01
3.405648000000000009e-01
4.152268171310424805e-01
5.680319000000000340e-01
5.784025788307189941e-01
4.411768300000000198e-01
6.480042934417724609e-01
1.851176619529724121e-01
5.907854437828059802e-02
4.146629299999999851e-01
2.199419900000000039e-01
1.435902863740921021e-01
4.580639600753784180e-01
5.310167700000000268e-01
3.350756466388701837e-01
7.344330500000000317e-01
6.527201533317565918e-01
4.663145244121550959e-01
7.194952368736267090e-01
3.328227000000000269e-01
4.701673984527587891e-01
3.675691485404968262e-01
3.565833568572998047e-01
5.004933499999999480e-01
1.735962480306625089e-01
4.411719441413878839e-01
4.575170874595642090e-01
6.639085999999999599e-01
8.546011447906494141e-01
4.451304674148559015e-01
9.025751352310179554e-01
2.657663800000000243e-01
3.629311299999999907e-01
1.472090299999999907e-01
3.060908317565917969e-01
4.131893515586853027e-01
3.352486491203308105e-01
3.525949716567993164e-01
3.543164730072020929e-01
3.241910338401793878e-01
2.941763103008270264e-01
1.808911263942717951e-01
9.188292622566224255e-01
7.194952368736267090e-01
1.495040800000000114e-01
6.258328258991240067e-02
3.392192399999999775e-01
2.008079886436462125e-01
1.721219420433043878e-01
3.834982812404632013e-01
4.411719441413878839e-01
5.552378892898559570e-01
2.297828197479248047e-01
1.245648413896559975e-01
3.591349699999999978e-01
2.226724326610564908e-01
4.919273257255554199e-01
4.381041526794433039e-01
2.386547900000000055e-01
1.545414900000000036e-01
1.142218410968779962e-01
1.021595895290374062e-01
1.501856148242949884e-01
1.516750454902648926e-01
2.563866972923278809e-01
2.873152199999999823e-01
2.061695456504820945e-01
2.324384301900863092e-01
3.212381303310393732e-01
1.459099799999999947e-01
1.311163604259490967e-01
2.577421699999999927e-01
2.549508200000000224e-01
7.212358713150024414e-01
2.322174899999999986e-01
3.278708499999999915e-01
5.938957999999999737e-01
2.137290835380553922e-01
2.140134099999999873e-01
3.385079200000000177e-01
3.416746999999999979e-01
2.482115599999999977e-01
4.256163239479064941e-01
2.941763103008270264e-01
9.627902507781979646e-02
2.054345200000000093e-01
1.722753942012786865e-01
1.780374000000000123e-01
2.217322587966918945e-01
2.913626730442047119e-01
1.817565709352493009e-01
4.206158999999999870e-01
2.091355323791503906e-01
3.179556727409362793e-01
9.712131000000000514e-01
6.176485000000000447e-01
2.061695456504820945e-01
1.554915904998779019e-01
5.041531299999999494e-01
3.753384053707122803e-01
3.772019999999999817e-01
3.999849557876586914e-01
3.384888500000000078e-01
2.266754060983657004e-01
5.447551012039184570e-01
4.109331369400023859e-01
2.152256667613982877e-01
2.376469373703002930e-01
5.098753571510314941e-01
2.058720886707305908e-01
2.977213561534881037e-01
2.937586009502410889e-01
4.041876799999999936e-01
2.887858450412750244e-01
3.152139800000000047e-01
4.150182604789733887e-01
4.550846199999999953e-01
3.724641799926757812e-01
5.482390000000000319e-01
4.635616200000000076e-01
4.613063299999999867e-01
2.886739700000000020e-01
4.466778000000000137e-01
4.436390000000000056e-01
3.285234272480010986e-01
9.826155000000000306e-02
1.699445800000000117e-01
2.329595100000000085e-01
4.507360160350799005e-01
2.674001455307006836e-01
3.834982812404632013e-01
6.511241197586059570e-01
4.935524463653563898e-01
3.404584500000000236e-01
1.850607693195343018e-01
5.561078000000000410e-01
1.735962480306625089e-01
2.988078299999999965e-01
4.150751233100891113e-01
1.356907499999999989e-01
2.786232829093933105e-01
4.259276699999999805e-01
4.106731712818145752e-01
3.913762299999999916e-01
3.499091300000000127e-01
4.332634200000000102e-01
3.001691699028015137e-01
2.227531075477600098e-01
8.636897999999999798e-02
2.043406665325163962e-01
1.112692803144454956e-01
5.807709693908691406e-01
2.759036000000000266e-01
2.641828358173369806e-01
3.478865600000000113e-01
2.456395500000000121e-01
9.624844999999999928e-02
1.692658811807631891e-01
4.259118399999999860e-01
5.701152000000000442e-01
4.451304674148559015e-01
6.138471961021423340e-01
3.486446000000000267e-01
2.261788000000000132e-01
2.168506400000000112e-01
2.938704200000000211e-01
9.519246220588679919e-02
1.718157529830932062e-01
4.613605141639708918e-01
2.586730700000000049e-01
1.150296628475188931e-01
4.040810799999999814e-01
1.627219299999999869e-01
2.551463246345520020e-01
1.943427324295043945e-01
1.952945000000000098e-01
1.819253861904144010e-01
2.546243071556090753e-01
3.157830834388732910e-01
1.565053200000000033e-01
1.774100363254547119e-01
5.984176399999999729e-01
3.350553214550017755e-01
1.955643892288208008e-01
4.643052816390991211e-01
1.872831899999999883e-01
3.839326499999999864e-01
3.545265793800354004e-01
1.605335772037506104e-01
4.197772741317749023e-01
1.771543025970458984e-01
1.339680552482604980e-01
3.144932389259337824e-01
4.586105300000000162e-01
2.707386016845703125e-01
3.411017358303070068e-01
3.533415496349334162e-01
1.365887199999999968e-01
2.769464300000000212e-01
1.315176784992218018e-01
3.241910338401793878e-01
2.667520344257354736e-01
3.696189224720001221e-01
1.898725330829620084e-01
4.040910303592681885e-01
1.372345000000000093e-01
3.628052175045012873e-01
3.179556727409362793e-01
5.123408999999999880e-01
3.698326945304870050e-01
3.977493047714232843e-01
1.110454723238945007e-01
3.499740700000000260e-01
3.537883162498474121e-01
3.186727200000000204e-01
1.722753942012786865e-01
2.324384301900863092e-01
1.554915904998779019e-01
9.174788000000000388e-02
3.783104999999999940e-01
2.570386528968811035e-01
3.157830834388732910e-01
3.780546200000000079e-01
7.007028499999999882e-01
3.777265846729278009e-01
4.068497121334075928e-01
1.508661799999999886e-01
3.365072299999999905e-01
9.563101083040230488e-02
2.694951295852661133e-01
1.822108799999999917e-01
4.011768102645874023e-01
5.466374158859252930e-01
2.275483012199401023e-01
1.918249700000000113e-01
3.072893321514129084e-01
1.237610060000000067e-01
1.877637803554534912e-01
2.155106067657469870e-01
3.026928305625914972e-01
2.821695200000000070e-01
1.605365599999999948e-01
2.741443514823913019e-01
2.615845799446105957e-01
1.435902863740921021e-01
3.995256125926970880e-01
1.156247700000000017e-01
1.304983496665954035e-01
4.778522000000000047e-01
1.109240799999999944e-01
4.648447930812835138e-01
3.354521095752716064e-01
2.347156852483749112e-01
3.601814500000000141e-01
2.137290835380553922e-01
2.811282999999999976e-01
4.219576120376586914e-01
3.511168956756591797e-01
5.802552700042724609e-01
3.362112045288085938e-01
2.622739672660827082e-01
3.036357164382934015e-01
2.058720886707305908e-01
1.263640820980072021e-01
3.489548563957213800e-01
4.815848544239990231e-02
1.551628857851027887e-01
4.694705599999999812e-01
2.114363312721251886e-01
4.131893515586853027e-01
5.498405699999999729e-01
6.221011877059936523e-01
2.591582499999999789e-01
3.164479732513427734e-01
1.915551722049713135e-01
2.648519873619079035e-01
2.976289987564086914e-01
4.065326154232025146e-01
2.582223699999999789e-01
1.187776476144789956e-01
4.041145999999999905e-01
2.519318500000000127e-01
2.566226422786712091e-01
2.579820454120635986e-01
5.229845046997070312e-01
1.333473920822143000e-01
1.111697259999999965e-01
1.558740437030791959e-01
2.440880500000000008e-01
1.734309345483779907e-01
1.343604599999999871e-01
9.768972500000000503e-02
2.992710173130034845e-01
2.797249555587768000e-01
6.627929000000000181e-01
3.698326945304870050e-01
2.857273799999999753e-01
1.478477418422698975e-01
3.976314067840576172e-01
9.498239308595650410e-02
1.823806900000000120e-01
2.190560698509216031e-01
2.347044944763183039e-01
2.793039399999999728e-01
3.261931499999999873e-01
1.069975499999999968e-01
1.759772002696990967e-01
2.707538008689879816e-01
5.192100405693054199e-01
3.063119999999999732e-01
5.387004017829895020e-01
3.825829000000000035e-01
1.478477418422698975e-01
1.277262600000000081e-01
1.819253861904144010e-01
3.866657614707946777e-01
3.277134001255034845e-01
4.576380299999999735e-01
3.350756466388701837e-01
4.995437860488891046e-01
7.397310733795166016e-01
4.247175999999999729e-01
2.578190565109252930e-01
4.671778678894042969e-01
4.063781201839447021e-01
2.043241858482360007e-01
2.524382770061492920e-01
2.205785799999999963e-01
2.887099399999999982e-01
3.596724600000000271e-01
3.620136976242064875e-01
2.928030500000000091e-01
1.346984952688216886e-01
3.772567199999999898e-01
4.710446596145629883e-01
2.489334195852279108e-01
2.615845799446105957e-01
2.006152300000000055e-01
2.119923830032348078e-01
3.964359199999999972e-01
7.601926326751708984e-01
3.586113452911376953e-01
8.044970999999999650e-01
6.369531750679016113e-01
2.961564700000000050e-01
4.906302094459533136e-01
2.702968700000000224e-01
5.391643047332763672e-01
4.153983299999999823e-01
1.305719899999999989e-01
9.243880999999999626e-02
1.667634500000000075e-01
1.767231800000000075e-01
2.004293948411940973e-01
1.341017200000000076e-01
6.438932400000000333e-01
2.310392400000000068e-01
3.751987500000000253e-01
2.085586786270141046e-01
1.980218887329101007e-01
1.922649100000000111e-01
1.780584901571272971e-01
6.587972600000000511e-01
5.361721499999999585e-01
2.452430399999999955e-01
3.947691321372985840e-01
5.220687000000000522e-01
3.482614800000000121e-01
3.387901484966278076e-01
1.201221799999999951e-01
1.831815838813780906e-01
2.493270300000000050e-01
2.146061658859252930e-01
4.168887734413146973e-01
5.192100405693054199e-01
3.946644067764280145e-02
3.247404098510742188e-01
3.328798399999999824e-01
3.423660993576049805e-01
3.813168399999999902e-01
5.236269235610961914e-01
3.393611311912536066e-01
1.516188681125640869e-01
4.118429699999999749e-01
4.101117599999999919e-01
4.759261300000000028e-01
4.152268171310424805e-01
2.311485400000000134e-01
1.800681799999999944e-01
3.199817999999999829e-01
3.107483983039855957e-01
2.260462299999999869e-01
2.887858450412750244e-01
3.427573999999999899e-01
5.330616831779479980e-01
2.233009300000000086e-01
2.641306519508361816e-01
1.101774275302886963e-01
3.427703000000000277e-01
2.431748400000000032e-01
2.461157099999999875e-01
2.458786368370055875e-01
2.094128100000000048e-01
2.043406665325163962e-01
2.620797753334044855e-01
2.912524342536926270e-01
2.521774999999999989e-01
2.881339490413665771e-01
3.858833909034729004e-01
2.417695820331572931e-01
9.550407528877249974e-02
2.566226422786712091e-01
1.805179715156554898e-01
2.544375061988830011e-01
2.271553874015808105e-01
2.142728299999999975e-01
1.437776237726210993e-01
2.459643800000000102e-01
1.151610389351843955e-01
1.652123034000395896e-01
1.317782700061798096e-01
1.632596254348754883e-01
5.130776166915893555e-01
4.367248415946959894e-01
4.635007977485656738e-01
1.961792900000000062e-01
2.279135733842848899e-01
4.825105399999999878e-01
2.459143400192259910e-01
2.949897599999999898e-01
3.107483983039855957e-01
2.981764674186705988e-01
1.907990574836730957e-01
3.977493047714232843e-01
4.105361700057982843e-01
4.347812500000000080e-01
4.431716199999999883e-01
2.506306171417235773e-01
3.300124704837799072e-01
2.410442084074020108e-01
2.756434082984923761e-01
1.933592855930328092e-01
2.874749600000000016e-01
3.439715504646301270e-01
3.858833909034729004e-01
2.043241858482360007e-01
2.984811663627623957e-01
2.455369000000000024e-01
1.700347214937210083e-01
5.319437000000000193e-01
5.090668797492980957e-01
6.989575922489159321e-02
1.120601743459700983e-01
3.250803400000000232e-01
2.653630971908568781e-01
2.929483056068419855e-01
2.111329734325408936e-01
4.410305023193358820e-01
5.564884543418884277e-01
6.298756599426269531e-01
7.212358713150024414e-01
7.545368700000000262e-01
5.089519000000000126e-01
2.127295399999999947e-01
3.145367503166198730e-01
4.575170874595642090e-01
5.552378892898559570e-01
1.975842416286467951e-01
2.211643159389495017e-01
4.737275799999999815e-01
3.317996859550476074e-01
2.304938699999999896e-01
2.146061658859252930e-01
1.497860252857207974e-01
2.058241069316864014e-01
2.416522204875946045e-01
2.227531075477600098e-01
2.423925399999999897e-01
2.578190565109252930e-01
4.410305023193358820e-01
5.533496141433715820e-01
6.115847229957580566e-01
4.815848544239990231e-02
1.875463277101515891e-01
1.531969599999999931e-01
2.145230174064635953e-01
3.889256700000000011e-01
2.648672461509704035e-01
2.109549343585968018e-01
2.495356798171997070e-01
4.407747983932495117e-01
1.333473920822143000e-01
1.508249938488006037e-01
3.533415496349334162e-01
3.960535800000000162e-01
4.106731712818145752e-01
2.297828197479248047e-01
1.830136477947235107e-01
2.213995500000000005e-01
2.954115867614746094e-01
3.094665110111236017e-01
3.412148058414459229e-01
1.458555757999419888e-01
5.447551012039184570e-01
4.476306438446044922e-01
3.308854999999999991e-01
1.961283799999999911e-01
1.454077810049057007e-01
3.397315442562103271e-01
2.410442084074020108e-01
2.109905800000000109e-01
6.480042934417724609e-01
1.581804500000000002e-01
3.103245794773101807e-01
3.464077999999999879e-01
3.922989368438720148e-01
3.545265793800354004e-01
4.628895521163939875e-01
4.935524463653563898e-01
2.246915100000000109e-01
6.101045600000000180e-01
6.629187464714050293e-01
1.245648413896559975e-01
1.830136477947235107e-01
3.095119599999999749e-01
1.294283900000000043e-01
2.579820454120635986e-01
1.805179715156554898e-01
6.147758364677429199e-01
6.724141836166381836e-01
3.114888399999999891e-01
3.072893321514129084e-01
1.138500645756720941e-01
2.563866972923278809e-01
5.616508722305297852e-01
4.293069541454315186e-01
2.884547000000000083e-01
2.646662592887877863e-01
4.784129599999999843e-02
1.110454723238945007e-01
4.105361700057982843e-01
4.964473799999999937e-01
2.684755999999999809e-01
1.876589399999999963e-01
2.812322080135344904e-01
1.300002199999999997e-01
1.160076560000000007e-01
3.836352005600920240e-02
1.635093400000000030e-01
1.142218410968779962e-01
1.238264590501785001e-01
2.420151978731149844e-02
3.866657614707946777e-01
1.707068681716918945e-01
4.580639600753784180e-01
3.995256125926970880e-01
3.825480299999999834e-01
3.160802699999999965e-01
1.101774275302886963e-01
2.244009799999999999e-01
2.762061357498168945e-01
2.175129950046539029e-01
4.635007977485656738e-01
3.277134001255034845e-01
1.707068681716918945e-01
4.215200543403624933e-01
4.381041526794433039e-01
2.977213561534881037e-01
4.710450172424315851e-01
1.833581900000000042e-01
2.653630971908568781e-01
3.068095399999999917e-01
2.599802613258361816e-01
9.439139068126670140e-02
1.987535506486891868e-01
2.111528366804122925e-01
5.491098165512084961e-01
3.818664800000000081e-01
3.648680746555327814e-01
2.570989131927490234e-01
1.783305257558822077e-01
2.505500600000000189e-01
1.506906199999999973e-01
2.743540999999999896e-01
1.991608738899230957e-01
2.494520699999999980e-01
2.616847455501555841e-01
2.493885457515715998e-01
1.943427324295043945e-01
2.937586009502410889e-01
4.710450172424315851e-01
4.946456000000000186e-01
4.275887600000000122e-01
1.548275947570799949e-01
1.478520500000000126e-01
4.798141717910766046e-01
3.586113452911376953e-01
5.088721499999999676e-01
2.817004323005676270e-01
1.723783799999999977e-01
3.241346478462219238e-01
5.413145400000000107e-01
5.236269235610961914e-01
2.723124599999999784e-01
2.787715196609497070e-01
9.025751352310179554e-01
6.138471961021423340e-01
2.056541299999999906e-01
2.190560698509216031e-01
2.585001587867736816e-01
7.397310733795166016e-01
2.313130300000000028e-01
5.237798999999999650e-01
4.551841616630554199e-01
4.613605141639708918e-01
1.707076132297515869e-01
9.550407528877249974e-02
4.671778678894042969e-01
1.495461761951445978e-01
3.961302999999999908e-01
1.917439401149748923e-01
2.152256667613982877e-01
2.770924568176268976e-01
3.767997599999999836e-01
3.317996859550476074e-01
2.719024400000000230e-01
6.022925999999999558e-01
1.957566400000000095e-01
2.641828358173369806e-01
2.103831200000000068e-01
2.036312222480773926e-01
2.347156852483749112e-01
2.376469373703002930e-01
2.770924568176268976e-01
1.588145800000000107e-01
2.593693435192108154e-01
1.894398300000000035e-01
2.266617715358734131e-01
5.196101069450378418e-01
4.065326154232025146e-01
1.411983800000000122e-01
1.150296628475188931e-01
2.655231952667235773e-01
5.826140642166137695e-01
8.336987999999999621e-01
9.248243000000000436e-01
1.808911263942717951e-01
9.627902507781979646e-02
1.759862000000000093e-01
2.186332643032073975e-01
2.838509399999999960e-01
1.323677301406860074e-01
5.042248964309692383e-01
4.790799021720886230e-01
5.119175299999999540e-01
5.753487999999999936e-01
3.382854000000000139e-01
3.474472761154174805e-01
9.908713399999999338e-02
1.132195299999999988e-01
3.270147400000000260e-01
3.277450499999999822e-01
1.996017099999999878e-01
3.474472761154174805e-01
6.339536000000000060e-01
5.453042999999999640e-01
1.271933615207672119e-01
2.613394558429718018e-01
2.550012500000000126e-01
4.231571555137634277e-01
1.719775500000000068e-01
5.141946673393249512e-01
4.798445399999999861e-01
3.938820699999999730e-01
5.048202276229858398e-01
3.473951200000000017e-01
4.513716697692871094e-01
1.674355417490004938e-01
1.317782700061798096e-01
2.675999399999999806e-01
1.978805512189865112e-01
2.524382770061492920e-01
2.984811663627623957e-01
1.610907000000000033e-01
1.734309345483779907e-01
1.551628857851027887e-01
1.875463277101515891e-01
2.617162800000000233e-01
1.703217476606369019e-01
5.855005979537963867e-01
2.275483012199401023e-01
8.116820999999999620e-01
1.065987825393676758e+00
3.088515400886535089e-01
2.912524342536926270e-01
2.790638804435729980e-01
3.384509980678557794e-01
2.554755210876464844e-01
2.670506834983825128e-01
3.185848299999999855e-01
4.216842055320739746e-01
2.274834066629408957e-01
1.151610389351843955e-01
5.564884543418884277e-01
5.533496141433715820e-01
1.768659949302673062e-01
1.744247078895568015e-01
2.276811152696608942e-01
1.458555757999419888e-01
4.109331369400023859e-01
4.476306438446044922e-01
3.476775599999999966e-01
2.312811911106109064e-01
4.911717176437377930e-01
4.040910303592681885e-01
9.654590500000000131e-02
8.037544786930080065e-02
4.387777298688880223e-02
2.797249555587768000e-01
5.263751700000000172e-02
8.037544786930080065e-02
9.949301183223720202e-02
1.120601743459700983e-01
2.208203524351119995e-01
2.622739672660827082e-01
2.895690000000000208e-01
4.011768102645874023e-01
2.923008799999999852e-01
7.051573395729064941e-01
4.759874000000000049e-01
1.103745699999999941e+00
2.951551973819732111e-01
3.565833568572998047e-01
1.670130999999999977e-01
2.465707212686537864e-01
4.873190199999999916e-01
1.867091804742813110e-01
6.298756599426269531e-01
6.115847229957580566e-01
1.768659949302673062e-01
1.646761599999999881e-01
1.054104299999999994e-01
4.063781201839447021e-01
1.495461761951445978e-01
1.534221600000000019e-01
4.041344225406646729e-01
2.764855299999999794e-01
4.438566863536834162e-01
1.616751600000000122e-01
1.991608738899230957e-01
2.951911985874176025e-01
3.525949716567993164e-01
1.406413999999999997e-01
1.227135509252547940e-01
1.801851689815520963e-01
2.058241069316864014e-01
2.256367499999999970e-01
5.330616831779479980e-01
9.244293599999999778e-01
7.785114049911499023e-01
3.227627299999999977e-01
3.271866142749785822e-01
1.484981179237364890e-01
1.649424100000000115e-01
5.100358277559279702e-02
2.642665505409240723e-01
3.696189224720001221e-01
1.876716911792755127e-01
2.670506834983825128e-01
2.831680999999999782e-01
4.199298024177551270e-01
5.384006500000000361e-01
5.141946673393249512e-01
1.993330100000000049e-01
1.063558906316757063e-01
