0.35334155
0.36961892
0.40409103
0.3698327
0.3977493
0.11104547
0.4011768
0.2275483
0.30728933
0.26158458
0.3995256
0.23471569
0.26227397
0.048158485
0.15516289
0.40653262
0.25662264
0.25798205
0.13334739
0.17343093
0.27972496
0.14784774
0.21905607
0.51921004
0.38666576
0.3277134
0.7397311
0.25781906
0.46717787
0.40637812
0.20432419
0.25243828
0.35861135
0.21460617
0.5236269
0.3107484
0.5330617
0.11017743
0.29125243
0.3858834
0.095504075
0.18051797
0.11516104
0.13177827
0.4635008
0.41053617
0.24104421
0.29848117
0.112060174
0.2653631
0.4410305
0.55648845
0.62987566
0.3317997
0.2058241
0.5533496
0.6115847
0.18754633
0.18301365
0.14585558
0.44763064
0.17070687
0.47104502
0.19916087
0.14954618
0.27709246
0.34744728
0.51419467
0.26705068
0.176866
0.08037545
