6.916829198598861694e-02
4.460401535034179688e-01
3.700146079063415527e-01
3.194901943206787109e-01
1.876920461654663086e-01
2.714824974536895752e-01
2.311659902334213257e-01
1.568602621555328369e-01
5.057910084724426270e-01
5.579323768615722656e-01
4.792463779449462891e-01
1.946827769279479980e-01
3.263227343559265137e-01
2.546821236610412598e-01
1.179600879549980164e-01
3.588106930255889893e-01
3.620390295982360840e-01
3.278826177120208740e-01
1.728898286819458008e-01
2.743743062019348145e-01
2.092579752206802368e-01
2.133459597826004028e-01
3.575739562511444092e-01
3.554696142673492432e-01
2.371947020292282104e-01
9.358030557632446289e-02
1.948354840278625488e-01
3.224172890186309814e-01
4.066791832447052002e-01
3.517169356346130371e-01
3.664828538894653320e-01
5.108285546302795410e-01
4.248511791229248047e-01
3.339079618453979492e-01
4.124214649200439453e-01
3.398034870624542236e-01
