1.861663341522216797e+00
1.107919573783874512e+00
1.259970426559448242e+00
1.361019611358642578e+00
1.624615669250488281e+00
1.457034826278686523e+00
1.537668108940124512e+00
1.686279416084289551e+00
9.884178042411804199e-01
8.841352462768554688e-01
1.041507720947265625e+00
1.610634446144104004e+00
1.347354531288146973e+00
1.490635871887207031e+00
1.764079809188842773e+00
1.282378673553466797e+00
1.275921344757080078e+00
1.344234943389892578e+00
1.654220461845397949e+00
1.451251268386840820e+00
1.581483840942382812e+00
1.573308110237121582e+00
1.284851670265197754e+00
1.289060592651367188e+00
1.525610566139221191e+00
1.812839269638061523e+00
1.610328793525695801e+00
1.355165839195251465e+00
1.186640977859497070e+00
1.296566605567932129e+00
1.267034411430358887e+00
9.783431887626647949e-01
1.150297403335571289e+00
1.332184076309204102e+00
1.175157546997070312e+00
1.320393085479736328e+00
