6.916834414005279541e-02
4.460401833057403564e-01
3.700147271156311035e-01
3.194902241230010986e-01
1.876920759677886963e-01
2.714825570583343506e-01
2.311659455299377441e-01
1.568602770566940308e-01
5.057911872863769531e-01
5.579324364662170410e-01
4.792461097240447998e-01
1.946827769279479980e-01
3.263227343559265137e-01
2.546820640563964844e-01
1.179601699113845825e-01
3.588106334209442139e-01
3.620393574237823486e-01
3.278825581073760986e-01
1.728897541761398315e-01
2.743743658065795898e-01
2.092580795288085938e-01
2.133459299802780151e-01
3.575741648674011230e-01
3.554696738719940186e-01
2.371946871280670166e-01
9.358038008213043213e-02
1.948356032371520996e-01
3.224170506000518799e-01
4.066794514656066895e-01
3.517166376113891602e-01
3.664827644824981689e-01
5.108283758163452148e-01
4.248512387275695801e-01
3.339078724384307861e-01
4.124212861061096191e-01
3.398034870624542236e-01
