2.936116158962249756e-01
2.577421665191650391e-01
2.623180150985717773e-01
1.767231822013854980e-01
1.641606688499450684e-01
4.176436960697174072e-01
2.205785810947418213e-01
1.741487681865692139e-01
1.805610954761505127e-01
2.563030123710632324e-01
4.105031490325927734e-01
2.588699758052825928e-01
4.203647375106811523e-01
6.106551736593246460e-02
1.406414061784744263e-01
3.666734397411346436e-01
4.206159114837646484e-01
1.372344940900802612e-01
8.636897802352905273e-02
2.094128131866455078e-01
2.010527253150939941e-01
1.325840801000595093e-01
5.721565485000610352e-01
5.599733591079711914e-01
3.208255171775817871e-01
1.880639493465423584e-01
1.702647507190704346e-01
1.228570193052291870e-01
3.241912722587585449e-01
2.677296996116638184e-01
2.782289385795593262e-01
3.250803351402282715e-01
1.833581924438476562e-01
4.971723556518554688e-01
2.267511039972305298e-01
3.589278757572174072e-01
3.566421866416931152e-01
3.642094731330871582e-01
4.828912019729614258e-01
4.678611159324645996e-01
2.110822498798370361e-01
3.908773064613342285e-01
9.459010511636734009e-02
5.744514241814613342e-02
4.161382913589477539e-01
3.270147442817687988e-01
3.758110702037811279e-01
4.288231730461120605e-01
2.493270337581634521e-01
2.304938733577728271e-01
2.470759004354476929e-01
2.451178282499313354e-01
3.884392976760864258e-01
4.257484078407287598e-01
6.580116748809814453e-01
4.550846219062805176e-01
1.886395514011383057e-01
1.236173361539840698e-01
1.634451448917388916e-01
3.570732176303863525e-01
3.095119595527648926e-01
3.595413267612457275e-01
2.333837002515792847e-01
5.754013061523437500e-01
2.915058434009552002e-01
2.291802167892456055e-01
3.889256715774536133e-01
3.725644946098327637e-01
3.686054944992065430e-01
3.450031280517578125e-01
1.670130938291549683e-01
1.171635314822196960e-01
1.379105150699615479e-01
1.580960154533386230e-01
2.849863171577453613e-01
3.538375496864318848e-01
4.259118437767028809e-01
1.297047287225723267e-01
2.288236618041992188e-01
2.429919540882110596e-01
3.614158034324645996e-01
7.706507444381713867e-01
8.336988091468811035e-01
1.390355974435806274e-01
2.838509380817413330e-01
1.614130437374114990e-01
2.582223713397979736e-01
3.326290547847747803e-01
4.691457748413085938e-01
2.089801728725433350e-01
1.747453212738037109e-01
1.650075316429138184e-01
1.539617776870727539e-01
5.251545906066894531e-01
1.890450417995452881e-01
1.294283866882324219e-01
4.189919829368591309e-01
3.972916007041931152e-01
5.123409032821655273e-01
6.627929210662841797e-01
4.281395673751831055e-01
3.760378658771514893e-01
3.486446142196655273e-01
3.050760626792907715e-01
3.832117617130279541e-01
4.085560142993927002e-01
9.913347661495208740e-02
3.455621600151062012e-01
4.086774587631225586e-01
2.062070369720458984e-01
3.185848295688629150e-01
2.674038708209991455e-01
2.898628711700439453e-01
3.966286778450012207e-01
4.698849320411682129e-01
4.386304318904876709e-01
3.427703082561492920e-01
2.743541002273559570e-01
1.616751551628112793e-01
2.295137345790863037e-01
2.455368936061859131e-01
3.105166554450988770e-01
3.232098817825317383e-01
2.505500614643096924e-01
4.259161055088043213e-01
9.174787998199462891e-02
2.576056718826293945e-01
1.616330891847610474e-01
3.264887630939483643e-01
6.780197620391845703e-01
2.313130348920822144e-01
2.425280362367630005e-01
1.993330121040344238e-01
3.530003428459167480e-01
1.657395511865615845e-01
5.934123992919921875e-01
4.030689597129821777e-01
7.261416316032409668e-01
6.339535713195800781e-01
1.732266545295715332e-01
1.410864740610122681e-01
5.511533021926879883e-01
2.833304703235626221e-01
4.042917191982269287e-01
8.355048894882202148e-01
5.022350549697875977e-01
2.772622406482696533e-01
9.529109299182891846e-02
1.467990279197692871e-01
1.961792856454849243e-01
3.168668150901794434e-01
2.140134125947952271e-01
5.288996696472167969e-01
2.985519468784332275e-01
2.764532566070556641e-01
1.148903369903564453e-01
1.027415752410888672e+00
3.134971261024475098e-01
2.675999402999877930e-01
1.542860865592956543e-01
2.540100514888763428e-01
1.306437551975250244e-01
2.862819135189056396e-01
1.751863807439804077e-01
1.500582695007324219e-01
2.517577409744262695e-01
3.539153933525085449e-01
2.310392409563064575e-01
2.962241768836975098e-01
3.308854997158050537e-01
1.572569012641906738e-01
1.486701816320419312e-01
3.141188025474548340e-01
9.712131023406982422e-01
7.744712829589843750e-01
2.988078296184539795e-01
1.041993349790573120e-01
1.111697256565093994e-01
2.994255423545837402e-01
4.327427148818969727e-01
2.439770996570587158e-01
1.252243965864181519e-01
3.416746854782104492e-01
5.310167670249938965e-01
4.576380252838134766e-01
3.775129616260528564e-01
2.648329138755798340e-01
6.159347295761108398e-01
9.703280031681060791e-02
1.952944993972778320e-01
1.277262568473815918e-01
2.772878408432006836e-01
2.213995456695556641e-01
3.793383240699768066e-01
3.977234959602355957e-01
1.621089577674865723e-01
1.565053164958953857e-01
3.382853865623474121e-01
1.996017098426818848e-01
1.169122606515884399e-01
3.255785703659057617e-01
2.431748360395431519e-01
4.504310488700866699e-01
8.897436857223510742e-01
1.851164996623992920e-01
2.479520440101623535e-01
3.628410398960113525e-01
2.400518059730529785e-01
3.004595637321472168e-01
2.192113101482391357e-01
2.322174906730651855e-01
2.838106453418731689e-01
4.232753515243530273e-01
3.624141514301300049e-01
5.136799812316894531e-01
1.341017186641693115e-01
2.586730718612670898e-01
1.411983817815780640e-01
1.941517591476440430e-01
4.223691225051879883e-01
2.666285634040832520e-01
1.508661806583404541e-01
2.020951956510543823e-01
1.588145792484283447e-01
4.770261943340301514e-01
2.923008799552917480e-01
2.262709736824035645e-01
2.193965613842010498e-01
2.562455236911773682e-01
3.269000053405761719e-01
3.476775586605072021e-01
3.104799985885620117e-01
1.891641914844512939e-01
3.813168406486511230e-01
5.413145422935485840e-01
7.093164324760437012e-01
6.498410105705261230e-01
2.151198089122772217e-01
2.089187800884246826e-01
2.084685862064361572e-01
2.302196770906448364e-01
2.883942723274230957e-01
2.319321334362030029e-01
1.935783773660659790e-01
3.359393775463104248e-01
4.040810763835906982e-01
2.801067233085632324e-01
2.831681072711944580e-01
1.248501315712928772e-01
9.624844789505004883e-02
1.653023958206176758e-01
5.119175314903259277e-01
2.255757749080657959e-01
3.531985878944396973e-01
2.719024419784545898e-01
4.437091946601867676e-01
5.779779553413391113e-01
2.896786928176879883e-01
3.384888470172882080e-01
2.554087042808532715e-01
2.462534308433532715e-01
2.398480474948883057e-01
7.344330549240112305e-01
2.245139479637145996e-01
2.159660309553146362e-01
5.291233062744140625e-01
5.220686793327331543e-01
1.765399873256683350e-01
2.509688735008239746e-01
5.319436788558959961e-01
5.329793095588684082e-01
2.793039381504058838e-01
6.674891114234924316e-01
3.602317273616790771e-01
2.457008510828018188e-01
5.088721513748168945e-01
3.113493323326110840e-01
5.095046758651733398e-01
1.333767175674438477e-01
5.498405694961547852e-01
5.638123154640197754e-01
7.340257167816162109e-01
1.704706400632858276e-01
3.152139782905578613e-01
2.600767910480499268e-01
4.829813241958618164e-01
2.299918681383132935e-01
1.472090333700180054e-01
4.694705605506896973e-01
1.534441709518432617e-01
1.649424135684967041e-01
1.781090199947357178e-01
2.509247064590454102e-01
3.006017208099365234e-01
5.482389926910400391e-01
2.246565818786621094e-01
2.821695208549499512e-01
4.186966717243194580e-01
3.913762271404266357e-01
3.947083353996276855e-01
3.817099630832672119e-01
2.509886324405670166e-01
1.069975495338439941e-01
7.662934064865112305e-01
6.361713409423828125e-01
1.557948589324951172e-01
9.678576886653900146e-02
1.695778816938400269e-01
2.657663822174072266e-01
9.258842468261718750e-01
2.223055958747863770e-01
1.574585199356079102e+00
2.324381768703460693e-01
2.679379284381866455e-01
5.557116270065307617e-01
1.924404203891754150e-01
2.876930534839630127e-01
3.474608063697814941e-01
4.612023234367370605e-01
5.236107110977172852e-01
2.270118445158004761e-01
3.828446269035339355e-01
1.723102331161499023e-01
7.213636040687561035e-01
1.850267797708511353e-01
2.233009338378906250e-01
1.656539082527160645e+00
3.629311323165893555e-01
6.153190135955810547e-01
3.150489330291748047e-01
2.379685938358306885e-01
6.605342030525207520e-02
2.886172831058502197e-01
2.928030490875244141e-01
3.254319727420806885e-01
3.972074985504150391e-01
2.066970467567443848e-01
1.911190152168273926e-01
2.670709788799285889e-01
6.848486661911010742e-01
3.780546188354492188e-01
9.590792655944824219e-01
2.311696410179138184e-01
2.884547114372253418e-01
6.116887331008911133e-01
2.310246825218200684e-01
3.528409004211425781e-01
4.893679022789001465e-01
4.081821441650390625e-01
3.404584527015686035e-01
2.987664937973022461e-01
1.536524295806884766e-01
1.605365574359893799e-01
2.672072350978851318e-01
2.829442322254180908e-01
4.105284810066223145e-01
3.762452006340026855e-01
1.290039718151092529e-01
1.545414924621582031e-01
1.635093390941619873e-01
2.900170683860778809e-01
3.478865623474121094e-01
1.627219319343566895e-01
2.917047739028930664e-01
2.261787950992584229e-01
5.226436257362365723e-01
1.872831881046295166e-01
1.472988128662109375e-01
1.708507686853408813e-01
3.701962232589721680e-01
4.347812533378601074e-01
2.973261475563049316e-01
5.265220403671264648e-01
3.365072309970855713e-01
2.298436462879180908e-01
5.033485889434814453e-01
7.577247023582458496e-01
7.476058006286621094e-01
2.246915102005004883e-01
7.438861131668090820e-01
7.545368671417236328e-01
2.710849642753601074e-01
5.011039972305297852e-01
3.959152102470397949e-01
3.696931004524230957e-01
3.717409372329711914e-01
1.529844105243682861e-01
1.156247705221176147e-01
1.999104768037796021e-01
3.112567067146301270e-01
1.288678944110870361e-01
1.538007259368896484e-01
3.443151712417602539e-01
3.041676282882690430e-01
4.694701433181762695e-01
4.362845420837402344e-01
1.966191679239273071e-01
8.529056608676910400e-02
4.607077836990356445e-01
4.964473843574523926e-01
4.848208725452423096e-01
1.506906151771545410e-01
5.657443404197692871e-01
4.046680927276611328e-01
4.411768317222595215e-01
2.109905779361724854e-01
5.698583126068115234e-01
3.191269934177398682e-01
4.332634210586547852e-01
5.401395559310913086e-01
5.904947519302368164e-01
6.755388975143432617e-01
3.985847234725952148e-01
3.825480341911315918e-01
6.011912822723388672e-01
1.725964546203613281e-01
2.762870490550994873e-01
2.182283103466033936e-01
4.247176051139831543e-01
2.423925399780273438e-01
2.874381244182586670e-01
3.961302936077117920e-01
2.432392388582229614e-01
3.536347150802612305e-01
2.251644432544708252e-01
5.721084475517272949e-01
4.825105369091033936e-01
4.757668972015380859e-01
2.452430427074432373e-01
2.445532083511352539e-01
1.619993299245834351e-01
5.992958545684814453e-01
3.328798413276672363e-01
5.531798601150512695e-01
2.208994925022125244e-01
2.690490186214447021e-01
2.738338112831115723e-01
1.581804454326629639e-01
3.052306175231933594e-01
8.847200125455856323e-02
1.459099799394607544e-01
2.615467309951782227e-01
3.793435990810394287e-01
5.268172025680541992e-01
1.872642040252685547e-01
4.466778039932250977e-01
1.068963631987571716e-01
1.531969606876373291e-01
3.329767584800720215e-01
6.343235969543457031e-01
3.591578304767608643e-01
1.723783761262893677e-01
5.938957929611206055e-01
3.601814508438110352e-01
4.027993679046630859e-01
3.480556011199951172e-01
1.966503262519836426e-01
1.823806911706924438e-01
2.056541293859481812e-01
5.772389769554138184e-01
4.146629273891448975e-01
4.874916970729827881e-01
4.162057936191558838e-01
4.778521955013275146e-01
1.408070027828216553e-01
2.124116420745849609e-01
3.640329837799072266e-01
4.153983294963836670e-01
5.232258439064025879e-01
1.301407963037490845e-01
5.145066976547241211e-01
5.463072657585144043e-01
1.991467177867889404e-01
4.946455955505371094e-01
2.525264620780944824e-01
2.623232305049896240e-01
3.573561608791351318e-01
2.168506383895874023e-01
1.038804948329925537e-01
3.336980938911437988e-01
2.524936199188232422e-01
6.639086008071899414e-01
1.449234336614608765e-01
9.908713400363922119e-02
3.023001253604888916e-01
2.006152272224426270e-01
4.013725817203521729e-01
2.938704192638397217e-01
2.675700187683105469e-01
4.567496776580810547e-01
3.638066053390502930e-01
4.436390101909637451e-01
2.924114465713500977e-01
2.365692853927612305e-01
2.259913682937622070e-01
1.450336873531341553e-01
1.016674339771270752e-01
1.300002187490463257e-01
2.008277475833892822e-01
9.244293570518493652e-01
2.955340147018432617e-01
5.680319070816040039e-01
6.176484823226928711e-01
5.127282738685607910e-01
3.772567212581634521e-01
4.335024654865264893e-01
1.670335829257965088e-01
2.269143015146255493e-01
2.521775066852569580e-01
2.874749600887298584e-01
1.275760531425476074e-01
3.464078009128570557e-01
3.005574941635131836e-01
4.054219126701354980e-01
2.873152196407318115e-01
5.650405883789062500e-01
2.321628034114837646e-01
4.798445403575897217e-01
1.822108775377273560e-01
2.895689904689788818e-01
4.737275838851928711e-01
3.767997622489929199e-01
1.765004992485046387e-01
4.118429720401763916e-01
1.491640955209732056e-01
2.723124623298645020e-01
2.949932813644409180e-01
8.438357710838317871e-01
2.931772172451019287e-01
2.548986077308654785e-01
3.568693995475769043e-01
3.512655794620513916e-01
3.510312438011169434e-01
3.776502013206481934e-01
2.961564660072326660e-01
1.961283832788467407e-01
2.295538038015365601e-01
2.514802515506744385e-01
4.026578664779663086e-01
2.922039628028869629e-01
1.592024266719818115e-01
1.759862005710601807e-01
2.810172438621520996e-01
3.928508162498474121e-01
2.440880537033081055e-01
1.610907018184661865e-01
2.325069010257720947e-01
9.243880957365036011e-02
2.429340481758117676e-01
2.127295434474945068e-01
2.633754014968872070e-01
1.511189788579940796e-01
2.550012469291687012e-01
2.418756783008575439e-01
2.915789186954498291e-01
5.455161929130554199e-01
3.473951220512390137e-01
4.412178993225097656e-01
5.193031430244445801e-01
8.507595658302307129e-01
4.759874045848846436e-01
2.288676202297210693e-01
3.596724569797515869e-01
4.136568903923034668e-01
3.963380455970764160e-01
9.654590487480163574e-02
5.263751745223999023e-02
1.667634546756744385e-01
4.431716203689575195e-01
2.737112641334533691e-01
1.116309314966201782e-01
2.686095237731933594e-01
1.436979621648788452e-01
1.495040804147720337e-01
4.635616242885589600e-01
3.176758587360382080e-01
2.955936193466186523e-01
5.983200669288635254e-02
1.352281123399734497e-01
2.631581425666809082e-01
4.613063335418701172e-01
3.427574038505554199e-01
2.256367504596710205e-01
2.941088080406188965e-01
2.920538783073425293e-01
2.253549695014953613e-01
2.200160771608352661e-01
4.625631570816040039e-01
1.534221619367599487e-01
3.261931538581848145e-01
2.372831404209136963e-01
2.178548574447631836e-01
3.760289847850799561e-01
3.127375245094299316e-01
1.365887224674224854e-01
4.784129559993743896e-02
2.321282029151916504e-01
2.244009822607040405e-01
2.802554965019226074e-01
2.446060925722122192e-01
5.883451104164123535e-01
3.990233540534973145e-01
3.486622571945190430e-01
2.005211412906646729e-01
2.482115626335144043e-01
3.160802721977233887e-01
3.783105015754699707e-01
8.704837560653686523e-01
3.751987516880035400e-01
3.700093626976013184e-01
3.818664848804473877e-01
1.719775497913360596e-01
5.384006500244140625e-01
2.914022207260131836e-01
2.212313711643218994e-01
2.684755921363830566e-01
2.078048884868621826e-01
6.608307361602783203e-01
6.079303622245788574e-01
2.324623912572860718e-01
2.702968716621398926e-01
6.199145913124084473e-01
7.007028460502624512e-01
2.349602282047271729e-01
3.282534778118133545e-01
2.886739671230316162e-01
2.472442090511322021e-01
2.459643781185150146e-01
1.065299585461616516e-01
2.617162764072418213e-01
2.070586383342742920e-01
1.254201829433441162e-01
9.826155006885528564e-02
2.927604317665100098e-01
1.220460459589958191e-01
2.859623432159423828e-01
1.904071271419525146e-01
3.499740660190582275e-01
4.421206414699554443e-01
1.962074935436248779e-01
3.601173162460327148e-01
3.278708457946777344e-01
2.857273817062377930e-01
3.825829029083251953e-01
9.738869965076446533e-02
7.758334875106811523e-01
4.081910252571105957e-01
5.089519023895263672e-01
3.734267354011535645e-01
5.984176397323608398e-01
3.482614755630493164e-01
2.444825172424316406e-01
2.103831171989440918e-01
2.036815434694290161e-01
1.356907486915588379e-01
4.494521021842956543e-01
6.342774629592895508e-01
3.713741302490234375e-01
3.574556410312652588e-01
3.595236837863922119e-01
2.329595088958740234e-01
6.406852602958679199e-02
4.960028082132339478e-02
2.526516318321228027e-01
2.811282873153686523e-01
6.347635984420776367e-01
8.044971227645874023e-01
2.456395477056503296e-01
1.553729474544525146e-01
2.852835655212402344e-01
3.839326500892639160e-01
5.238558053970336914e-01
3.561236560344696045e-01
2.133440524339675903e-01
1.581675112247467041e-01
3.127370476722717285e-01
2.914470434188842773e-01
9.490142762660980225e-02
1.237610056996345520e-01
3.252821564674377441e-01
1.985102444887161255e-01
4.559893906116485596e-01
6.587972640991210938e-01
5.237799286842346191e-01
4.387204051017761230e-01
6.427183747291564941e-01
2.211340367794036865e-01
2.385181784629821777e-01
9.746912717819213867e-01
3.329417705535888672e-01
3.008946478366851807e-01
1.161547303199768066e-01
7.504140585660934448e-02
1.363780498504638672e-01
1.502378880977630615e-01
5.004933476448059082e-01
5.561078190803527832e-01
2.009570300579071045e-01
4.173621237277984619e-01
3.499091267585754395e-01
1.763371229171752930e-01
2.311485409736633301e-01
3.455643057823181152e-01
1.918249726295471191e-01
3.114888370037078857e-01
3.266842663288116455e-01
3.328227102756500244e-01
3.277950286865234375e-01
3.941050469875335693e-01
1.800681799650192261e-01
8.129694312810897827e-02
1.160076558589935303e-01
1.297388970851898193e-01
3.392192423343658447e-01
1.180331557989120483e-01
1.646761596202850342e-01
4.460380077362060547e-01
2.054345160722732544e-01
3.186727166175842285e-01
4.113844931125640869e-01
8.116821050643920898e-01
1.835297942161560059e-01
2.185808718204498291e-01
4.653390347957611084e-01
2.995634078979492188e-01
2.490828633308410645e-01
3.385079205036163330e-01
5.701152086257934570e-01
2.541377544403076172e-01
2.242589294910430908e-01
2.142728269100189209e-01
9.683110564947128296e-02
1.343604624271392822e-01
4.521117508411407471e-01
4.873190224170684814e-01
4.275887608528137207e-01
2.566985487937927246e-01
9.248242974281311035e-01
2.887099385261535645e-01
2.177313268184661865e-01
2.764855325222015381e-01
6.574776172637939453e-01
3.063119947910308838e-01
3.065830171108245850e-01
1.876589357852935791e-01
6.022925972938537598e-01
2.143982052803039551e-01
3.138049244880676270e-01
2.939387857913970947e-01
1.931292712688446045e-01
1.201221793889999390e-01
7.039476633071899414e-01
1.726676821708679199e-01
1.559247076511383057e-01
3.227627277374267578e-01
3.405647873878479004e-01
4.759261310100555420e-01
1.699445843696594238e-01
2.326449751853942871e-01
1.001629233360290527e-01
6.101045608520507812e-01
2.199419885873794556e-01
2.549508213996887207e-01
1.479527950286865234e-01
1.502775698900222778e-01
5.753487944602966309e-01
1.452772617340087891e-01
5.361721515655517578e-01
4.704992175102233887e-01
5.041531324386596680e-01
3.199818134307861328e-01
2.949897646903991699e-01
2.479144185781478882e-01
5.184590816497802734e-01
2.689138054847717285e-01
5.047383308410644531e-01
2.494520694017410278e-01
2.386547923088073730e-01
4.113255739212036133e-01
2.759036123752593994e-01
1.957566440105438232e-01
1.667079031467437744e-01
3.591349720954895020e-01
2.724391222000122070e-01
4.386757612228393555e-01
4.041876792907714844e-01
2.260462343692779541e-01
1.109240800142288208e-01
1.305719912052154541e-01
2.641075849533081055e-01
2.461157143115997314e-01
7.132920026779174805e-01
3.938820660114288330e-01
8.711428940296173096e-02
1.780374050140380859e-01
3.277450501918792725e-01
2.846687436103820801e-01
2.591582536697387695e-01
4.259276688098907471e-01
3.960535824298858643e-01
5.453042984008789062e-01
2.884793877601623535e-01
3.964359164237976074e-01
1.478520482778549194e-01
6.438932418823242188e-01
1.978585720062255859e-01
1.103745698928833008e+00
2.769464254379272461e-01
2.637330889701843262e-01
2.450419068336486816e-01
1.894398331642150879e-01
2.818454504013061523e-01
1.922649145126342773e-01
1.054104268550872803e-01
4.101117551326751709e-01
2.779349088668823242e-01
3.068095445632934570e-01
9.768972545862197876e-02
3.729389309883117676e-01
4.696251451969146729e-01
2.689281105995178223e-01
6.772173643112182617e-01
4.586105346679687500e-01
2.232070863246917725e-01
4.041146039962768555e-01
1.234264254570007324e+00
6.086445972323417664e-02
2.519318461418151855e-01
6.520445346832275391e-01
4.934813380241394043e-01
1.132195293903350830e-01
2.675929963588714600e-01
3.772020041942596436e-01
